gridtype = gaussian
xsize    = 23
ysize    = 10
xfirst   = 273.75
xinc     = 3.75
yvals    = 53.8102740319414     57.52099379797  61.2315731880771        64.9419494887575        68.6520167895175        72.3615810293448        76.0702444625451        79.7770456548256        83.4789366693172        87.1590945558629
