data_sets/ocean/moorings/sbe37smp-odo-rs232_03715761_2019_10_06.cnv
* Sea-Bird SBE37SMP-ODO-RS232  Data File:
* FileName = C:\SeaBird_Data\Moorings_SBE37\Data\JIG_Oct_2019\Serial_15761\SBE37SMP-ODO-RS232_03715761_2019_10_06.hex
* Software version SeatermV2 2.6.3.104
* Temperature SN = 15761
* Conductivity SN = 15761
* System UpLoad Time = Oct 06 2019 19:21:52
* sample interval = 1200 seconds
* <ApplicationData>
# nquan = 11
# nvalues = 25376                                 
# units = specified
# name 0 = depSM: Depth [salt water, m], lat = 66.00
# name 1 = tv290C: Temperature [ITS-90, deg C]
# name 2 = sal00: Salinity, Practical [PSU]
# name 3 = density00: Density [density, kg/m^3]
# name 4 = potemp090C: Potential Temperature [ITS-90, deg C]
# name 5 = prdM: Pressure, Strain Gauge [db]
# name 6 = timeS: Time, Elapsed [seconds]
# name 7 = svCM: Sound Velocity [Chen-Millero, m/s]
# name 8 = cond0S/m: Conductivity [S/m]
# name 9 = scan: Scan Count
# name 10 = flag:  0.000e+00
# span 0 =  -4396.036,  19332.760                 
# span 1 =   -45.2767,    99.0000                 
# span 2 =     0.0000,  1999.0000                 
# span 3 =   940.6991,  4075.6022                 
# span 4 =   -46.3793,   103.4253                 
# span 5 =  -4391.019,  20363.806                 
# span 6 =      0.000, 30450000.0                 
# span 7 =      23.26,    9979.45                 
# span 8 = -99.000000, 110.958886                 
# span 9 =          1,      25376                 
# span 10 = 0.0000e+00, 0.0000e+00                
# interval = seconds: 1200
# start_time = Jun 12 2018 22:00:14 [Instrument's time stamp, first data scan]
# bad_flag = -9.990e-29
*END*
[from data line 13771]
    341.053     2.2291    34.1905  1028.9220     2.2098    344.740 16525200.0    1463.66   3.048609      13772  0.000e+00
    341.047     2.2312    34.1919  1028.9229     2.2120    344.734 16526400.0    1463.67   3.048900      13773  0.000e+00
    341.065     2.2416    34.1942  1028.9239     2.2223    344.753 16527600.0    1463.72   3.049986      13774  0.000e+00
    341.112     2.2329    34.1918  1028.9229     2.2136    344.800 16528800.0    1463.68   3.049040      13775  0.000e+00
    341.201     2.2328    34.1919  1028.9235     2.2135    344.891 16530000.0    1463.68   3.049040      13776  0.000e+00
    341.315     2.2409    34.1951  1028.9258     2.2216    345.006 16531200.0    1463.72   3.050003      13777  0.000e+00
    341.442     2.2449    34.1960  1028.9268     2.2256    345.134 16532400.0    1463.74   3.050428      13778  0.000e+00
    341.579     2.2482    34.1961  1028.9273     2.2288    345.273 16533600.0    1463.76   3.050730      13779  0.000e+00
    341.750     2.2535    34.1987  1028.9297     2.2341    345.446 16534800.0    1463.79   3.051402      13780  0.000e+00
    341.920     2.2525    34.1977  1028.9298     2.2331    345.618 16536000.0    1463.79   3.051245      13781  0.000e+00
    342.099     2.2589    34.1995  1028.9314     2.2395    345.799 16537200.0    1463.82   3.051951      13782  0.000e+00
    342.278     2.2651    34.2019  1028.9336     2.2457    345.980 16538400.0    1463.85   3.052690      13783  0.000e+00
    342.451     2.2620    34.2007  1028.9337     2.2426    346.155 16539600.0    1463.84   3.052331      13784  0.000e+00
    342.631     2.2676    34.2031  1028.9360     2.2481    346.337 16540800.0    1463.87   3.053020      13785  0.000e+00
    342.796     2.2575    34.1984  1028.9340     2.2380    346.504 16542000.0    1463.83   3.051772      13786  0.000e+00
    342.958     2.2637    34.2015  1028.9366     2.2442    346.668 16543200.0    1463.86   3.052561      13787  0.000e+00
    343.098     2.2526    34.1975  1028.9351     2.2332    346.810 16544400.0    1463.81   3.051290      13788  0.000e+00
    343.219     2.2521    34.1976  1028.9358     2.2326    346.932 16545600.0    1463.81   3.051262      13789  0.000e+00
    343.339     2.2509    34.1968  1028.9359     2.2314    347.054 16546800.0    1463.80   3.051094      13790  0.000e+00
    343.389     2.2509    34.1971  1028.9363     2.2314    347.104 16548000.0    1463.80   3.051117      13791  0.000e+00
    343.429     2.2458    34.1952  1028.9355     2.2264    347.144 16549200.0    1463.78   3.050540      13792  0.000e+00
    343.434     2.2501    34.1969  1028.9365     2.2306    347.149 16550400.0    1463.80   3.051039      13793  0.000e+00
    343.414     2.2453    34.1956  1028.9358     2.2258    347.129 16551600.0    1463.78   3.050518      13794  0.000e+00
    343.364     2.2371    34.1932  1028.9344     2.2176    347.079 16552800.0    1463.74   3.049617      13795  0.000e+00
    343.290     2.2336    34.1926  1028.9338     2.2142    347.004 16554000.0    1463.72   3.049259      13796  0.000e+00
    343.213     2.2336    34.1919  1028.9329     2.2142    346.926 16555200.0    1463.72   3.049197      13797  0.000e+00
    343.100     2.2288    34.1908  1028.9319     2.2094    346.812 16556400.0    1463.69   3.048694      13798  0.000e+00
    343.003     2.2264    34.1900  1028.9311     2.2071    346.713 16557600.0    1463.68   3.048425      13799  0.000e+00
    342.867     2.2366    34.1928  1028.9317     2.2172    346.576 16558800.0    1463.73   3.049522      13800  0.000e+00
    342.746     2.2303    34.1906  1028.9300     2.2110    346.454 16560000.0    1463.70   3.048800      13801  0.000e+00
    342.610     2.2188    34.1862  1028.9268     2.1995    346.316 16561200.0    1463.64   3.047440      13802  0.000e+00
    342.484     2.2217    34.1886  1028.9279     2.2024    346.188 16562400.0    1463.65   3.047877      13803  0.000e+00
    342.366     2.2112    34.1852  1028.9256     2.1919    346.069 16563600.0    1463.60   3.046696      13804  0.000e+00
    342.236     2.2018    34.1822  1028.9234     2.1825    345.938 16564800.0    1463.55   3.045628      13805  0.000e+00
    342.125     2.2124    34.1859  1028.9249     2.1932    345.825 16566000.0    1463.60   3.046841      13806  0.000e+00
    342.008     2.2103    34.1850  1028.9238     2.1910    345.706 16567200.0    1463.59   3.046578      13807  0.000e+00
    341.910     2.1817    34.1802  1028.9221     2.1625    345.608 16568400.0    1463.46   3.043726      13808  0.000e+00
    341.825     2.1984    34.1822  1028.9218     2.1792    345.522 16569600.0    1463.53   3.045325      13809  0.000e+00
    341.765     2.2084    34.1845  1028.9224     2.1891    345.461 16570800.0    1463.58   3.046360      13810  0.000e+00
    341.714     2.1973    34.1816  1028.9209     2.1781    345.409 16572000.0    1463.52   3.045180      13811  0.000e+00
    341.697     2.1893    34.1791  1028.9195     2.1701    345.392 16573200.0    1463.48   3.044274      13812  0.000e+00
    341.691     2.1864    34.1783  1028.9191     2.1672    345.386 16574400.0    1463.47   3.043966      13813  0.000e+00
    341.723     2.1931    34.1790  1028.9192     2.1739    345.419 16575600.0    1463.50   3.044598      13814  0.000e+00
    341.768     2.1932    34.1803  1028.9204     2.1739    345.464 16576800.0    1463.50   3.044710      13815  0.000e+00
    341.832     2.2034    34.1829  1028.9219     2.1842    345.528 16578000.0    1463.55   3.045812      13816  0.000e+00
    341.921     2.1902    34.1792  1028.9206     2.1710    345.619 16579200.0    1463.49   3.044375      13817  0.000e+00
    342.012     2.1916    34.1795  1028.9211     2.1724    345.711 16580400.0    1463.50   3.044526      13818  0.000e+00
    342.126     2.2004    34.1818  1028.9227     2.1812    345.827 16581600.0    1463.54   3.045477      13819  0.000e+00
    342.231     2.2057    34.1835  1028.9241     2.1865    345.933 16582800.0    1463.57   3.046075      13820  0.000e+00
    342.338     2.2156    34.1866  1028.9261     2.1963    346.041 16584000.0    1463.62   3.047183      13821  0.000e+00
    342.453     2.2239    34.1887  1028.9276     2.2045    346.157 16585200.0    1463.66   3.048067      13822  0.000e+00
    342.555     2.2240    34.1890  1028.9283     2.2047    346.260 16586400.0    1463.66   3.048112      13823  0.000e+00
    342.647     2.2209    34.1882  1028.9284     2.2015    346.354 16587600.0    1463.65   3.047781      13824  0.000e+00
    342.734     2.2241    34.1886  1028.9289     2.2047    346.441 16588800.0    1463.67   3.048095      13825  0.000e+00
    342.805     2.2216    34.1883  1028.9292     2.2022    346.513 16590000.0    1463.66   3.047854      13826  0.000e+00
    342.854     2.2216    34.1878  1028.9290     2.2022    346.563 16591200.0    1463.66   3.047821      13827  0.000e+00
    342.882     2.2170    34.1888  1028.9304     2.1976    346.591 16592400.0    1463.64   3.047507      13828  0.000e+00
    342.887     2.2152    34.1866  1028.9288     2.1959    346.596 16593600.0    1463.63   3.047177      13829  0.000e+00
    342.864     2.2180    34.1869  1028.9287     2.1986    346.572 16594800.0    1463.64   3.047435      13830  0.000e+00
    342.814     2.2245    34.1888  1028.9294     2.2051    346.522 16596000.0    1463.67   3.048151      13831  0.000e+00
    342.740     2.2200    34.1876  1028.9285     2.2007    346.447 16597200.0    1463.65   3.047664      13832  0.000e+00
    342.632     2.2187    34.1874  1028.9279     2.1994    346.338 16598400.0    1463.64   3.047530      13833  0.000e+00
    342.514     2.2195    34.1855  1028.9258     2.2002    346.219 16599600.0    1463.64   3.047440      13834  0.000e+00
    342.386     2.2121    34.1856  1028.9259     2.1928    346.089 16600800.0    1463.60   3.046802      13835  0.000e+00
    342.231     2.2017    34.1822  1028.9234     2.1825    345.933 16602000.0    1463.55   3.045628      13836  0.000e+00
    342.073     2.2040    34.1829  1028.9230     2.1847    345.772 16603200.0    1463.56   3.045874      13837  0.000e+00
    341.916     2.1808    34.1764  1028.9191     2.1616    345.614 16604400.0    1463.45   3.043335      13838  0.000e+00
    341.743     2.1803    34.1763  1028.9183     2.1611    345.439 16605600.0    1463.44   3.043284      13839  0.000e+00
    341.579     2.1815    34.1770  1028.9180     2.1623    345.273 16606800.0    1463.44   3.043430      13840  0.000e+00
    341.434     2.1779    34.1751  1028.9161     2.1587    345.126 16608000.0    1463.42   3.042960      13841  0.000e+00
    341.289     2.1812    34.1763  1028.9161     2.1621    344.979 16609200.0    1463.44   3.043346      13842  0.000e+00
    341.175     2.1823    34.1766  1028.9157     2.1631    344.864 16610400.0    1463.44   3.043452      13843  0.000e+00
    341.088     2.1921    34.1794  1028.9166     2.1730    344.776 16611600.0    1463.49   3.044520      13844  0.000e+00
    341.032     2.2042    34.1828  1028.9180     2.1850    344.720 16612800.0    1463.54   3.045829      13845  0.000e+00
    341.003     2.2140    34.1861  1028.9196     2.1948    344.690 16614000.0    1463.59   3.046947      13846  0.000e+00
    341.016     2.2142    34.1865  1028.9200     2.1950    344.703 16615200.0    1463.59   3.046992      13847  0.000e+00
    341.048     2.2258    34.1891  1028.9212     2.2065    344.735 16616400.0    1463.65   3.048206      13848  0.000e+00
    341.110     2.2319    34.1910  1028.9224     2.2126    344.798 16617600.0    1463.68   3.048889      13849  0.000e+00
    341.201     2.2280    34.1903  1028.9226     2.2087    344.891 16618800.0    1463.66   3.048497      13850  0.000e+00
    341.312     2.2303    34.1907  1028.9233     2.2110    345.003 16620000.0    1463.67   3.048732      13851  0.000e+00
    341.445     2.2324    34.1914  1028.9243     2.2131    345.137 16621200.0    1463.68   3.048978      13852  0.000e+00
    341.609     2.2343    34.1920  1028.9254     2.2149    345.303 16622400.0    1463.70   3.049197      13853  0.000e+00
    341.770     2.2340    34.1920  1028.9261     2.2147    345.466 16623600.0    1463.70   3.049180      13854  0.000e+00
    341.946     2.2332    34.1918  1028.9269     2.2139    345.644 16624800.0    1463.70   3.049102      13855  0.000e+00
    342.136     2.2334    34.1921  1028.9280     2.2140    345.836 16626000.0    1463.70   3.049147      13856  0.000e+00
    342.320     2.2326    34.1917  1028.9286     2.2133    346.022 16627200.0    1463.70   3.049063      13857  0.000e+00
    342.521     2.2334    34.1921  1028.9298     2.2140    346.225 16628400.0    1463.71   3.049163      13858  0.000e+00
    342.709     2.2371    34.1924  1028.9306     2.2177    346.416 16629600.0    1463.73   3.049522      13859  0.000e+00
    342.901     2.2323    34.1913  1028.9310     2.2129    346.610 16630800.0    1463.71   3.049029      13860  0.000e+00
    343.074     2.2306    34.1908  1028.9317     2.2112    346.785 16632000.0    1463.70   3.048850      13861  0.000e+00
    343.225     2.2300    34.1906  1028.9322     2.2106    346.938 16633200.0    1463.70   3.048789      13862  0.000e+00
    343.361     2.2261    34.1897  1028.9325     2.2067    347.076 16634400.0    1463.69   3.048386      13863  0.000e+00
    343.472     2.2252    34.1897  1028.9332     2.2058    347.188 16635600.0    1463.68   3.048313      13864  0.000e+00
    343.548     2.2231    34.1890  1028.9332     2.2037    347.265 16636800.0    1463.68   3.048084      13865  0.000e+00
    343.603     2.2227    34.1888  1028.9333     2.2033    347.321 16638000.0    1463.67   3.048034      13866  0.000e+00
    343.608     2.2218    34.1889  1028.9334     2.2024    347.326 16639200.0    1463.67   3.047961      13867  0.000e+00
    343.599     2.2203    34.1884  1028.9331     2.2009    347.316 16640400.0    1463.66   3.047787      13868  0.000e+00
    343.556     2.2180    34.1875  1028.9324     2.1987    347.273 16641600.0    1463.65   3.047519      13869  0.000e+00
    343.477     2.2107    34.1850  1028.9307     2.1913    347.193 16642800.0    1463.61   3.046680      13870  0.000e+00
    343.373     2.2087    34.1845  1028.9300     2.1893    347.088 16644000.0    1463.60   3.046461      13871  0.000e+00
    343.253     2.2047    34.1833  1028.9288     2.1854    346.966 16645200.0    1463.58   3.046014      13872  0.000e+00
    343.115     2.1976    34.1814  1028.9273     2.1783    346.827 16646400.0    1463.55   3.045242      13873  0.000e+00
    342.958     2.2008    34.1803  1028.9254     2.1815    346.667 16647600.0    1463.56   3.045426      13874  0.000e+00
    342.809     2.1910    34.1796  1028.9250     2.1717    346.517 16648800.0    1463.51   3.044515      13875  0.000e+00
    342.642     2.1776    34.1751  1028.9218     2.1584    346.349 16650000.0    1463.44   3.042994      13876  0.000e+00
    342.485     2.1929    34.1803  1028.9239     2.1737    346.189 16651200.0    1463.51   3.044727      13877  0.000e+00
    342.330     2.1832    34.1772  1028.9215     2.1640    346.033 16652400.0    1463.47   3.043631      13878  0.000e+00
    342.185     2.1798    34.1763  1028.9205     2.1606    345.886 16653600.0    1463.45   3.043256      13879  0.000e+00
    342.052     2.1816    34.1767  1028.9199     2.1624    345.751 16654800.0    1463.45   3.043435      13880  0.000e+00
    341.925     2.1780    34.1758  1028.9189     2.1589    345.623 16656000.0    1463.43   3.043049      13881  0.000e+00
    341.814     2.1725    34.1741  1028.9176     2.1534    345.511 16657200.0    1463.41   3.042434      13882  0.000e+00
    341.715     2.1726    34.1739  1028.9170     2.1534    345.411 16658400.0    1463.40   3.042423      13883  0.000e+00
    341.638     2.1701    34.1734  1028.9164     2.1510    345.333 16659600.0    1463.39   3.042160      13884  0.000e+00
    341.589     2.1815    34.1769  1028.9180     2.1623    345.283 16660800.0    1463.45   3.043424      13885  0.000e+00
    341.564     2.1921    34.1798  1028.9192     2.1729    345.258 16662000.0    1463.49   3.044570      13886  0.000e+00
    341.566     2.1943    34.1804  1028.9194     2.1751    345.259 16663200.0    1463.51   3.044811      13887  0.000e+00
    341.598     2.1962    34.1811  1028.9200     2.1770    345.292 16664400.0    1463.52   3.045035      13888  0.000e+00
    341.654     2.2020    34.1824  1028.9208     2.1827    345.348 16665600.0    1463.54   3.045639      13889  0.000e+00
    341.722     2.2060    34.1837  1028.9218     2.1868    345.417 16666800.0    1463.56   3.046097      13890  0.000e+00
    341.808     2.2066    34.1844  1028.9227     2.1874    345.505 16668000.0    1463.57   3.046204      13891  0.000e+00
    341.898     2.2082    34.1849  1028.9234     2.1889    345.595 16669200.0    1463.58   3.046383      13892  0.000e+00
    342.000     2.2104    34.1855  1028.9241     2.1911    345.698 16670400.0    1463.59   3.046629      13893  0.000e+00
    342.114     2.2146    34.1862  1028.9249     2.1953    345.814 16671600.0    1463.61   3.047048      13894  0.000e+00
    342.224     2.2158    34.1862  1028.9253     2.1965    345.925 16672800.0    1463.62   3.047160      13895  0.000e+00
    342.344     2.2161    34.1865  1028.9261     2.1968    346.047 16674000.0    1463.62   3.047222      13896  0.000e+00
    342.459     2.2158    34.1856  1028.9259     2.1965    346.163 16675200.0    1463.62   3.047127      13897  0.000e+00
    342.576     2.2180    34.1873  1028.9276     2.1987    346.282 16676400.0    1463.63   3.047457      13898  0.000e+00
    342.681     2.2193    34.1878  1028.9284     2.1999    346.388 16677600.0    1463.64   3.047614      13899  0.000e+00
    342.768     2.2212    34.1878  1028.9287     2.2019    346.475 16678800.0    1463.65   3.047787      13900  0.000e+00
    342.848     2.2262    34.1900  1028.9303     2.2068    346.557 16680000.0    1463.68   3.048391      13901  0.000e+00
