data_sets/ocean/moorings/SBE37SMP-ODO-RS232_03715761_2018_06_12.cnv
* Sea-Bird SBE37SMP-ODO-RS232  Data File:
* FileName = C:\SeaBird_Data\Moorings_SBE37\Data\JIG_Jun_2018\Serial_15761\SBE37SMP-ODO-RS232_03715761_2018_06_12.hex
* Software version SeatermV2 2.6.3.104
* Temperature SN = 15761
* Conductivity SN = 15761
* System UpLoad Time = Jun 12 2018 21:39:03
* sample interval = 1200 seconds
* <ApplicationData>
# nquan = 7
# nvalues = 20433                                 
# units = specified
# name 0 = prdM: Pressure, Strain Gauge [db]
# name 1 = potemp090C: Potential Temperature [ITS-90, deg C]
# name 2 = sal00: Salinity, Practical [PSU]
# name 3 = sbeopoxML/L: Oxygen, SBE 63 [ml/l]
# name 4 = sigma-é00: Density [sigma-theta, kg/m^3]
# name 5 = timeJV2: Time, Instrument [julian days]
# name 6 = flag:  0.000e+00
# span 0 =  -1096.288,    530.861                 
# span 1 =   -43.9457,     7.5007                 
# span 2 =     0.0000,    34.4266                 
# span 3 =      5.353,     49.095                 
# span 4 =   -34.4787,    27.5971                 
# span 5 = -4.219e+03, 9144.94700                 
# span 6 = 0.0000e+00, 0.0000e+00                 
# interval = seconds: 1200
# start_time = Aug 28 2017 07:54:35 [Instrument's time stamp, first data scan]
# bad_flag = -9.990e-29
*END*
[from data line 3898]
    346.863     1.9158    34.2145      5.642    27.3488 294.469549  0.000e+00
    346.798     1.9558    34.2233      5.630    27.3528 294.483437  0.000e+00
    346.738     1.9622    34.2246      5.619    27.3534 294.497326  0.000e+00
    346.724     1.9207    34.2163      5.642    27.3499 294.511215  0.000e+00
    346.727     1.9247    34.2169      5.641    27.3501 294.525104  0.000e+00
    346.773     1.9850    34.2295      5.608    27.3555 294.538993  0.000e+00
    346.829     1.9576    34.2234      5.617    27.3527 294.552870  0.000e+00
    346.904     1.9472    34.2203      5.624    27.3511 294.566771  0.000e+00
    347.000     1.9015    34.2117      5.638    27.3477 294.580660  0.000e+00
    347.119     1.8986    34.2113      5.647    27.3476 294.594549  0.000e+00
    347.243     1.9001    34.2111      5.651    27.3473 294.608437  0.000e+00
    347.387     1.9154    34.2153      5.648    27.3495 294.622326  0.000e+00
    347.515     1.9144    34.2143      5.647    27.3488 294.636215  0.000e+00
    347.662     1.9154    34.2140      5.644    27.3485 294.650104  0.000e+00
    347.790     1.9150    34.2142      5.650    27.3487 294.663993  0.000e+00
    347.901     1.9352    34.2179      5.638    27.3501 294.677882  0.000e+00
    348.020     1.9650    34.2247      5.616    27.3532 294.691771  0.000e+00
    348.117     1.9723    34.2267      5.602    27.3543 294.705648  0.000e+00
    348.187     1.9914    34.2300      5.590    27.3555 294.719549  0.000e+00
    348.241     2.0031    34.2334      5.591    27.3573 294.733437  0.000e+00
    348.275     1.9996    34.2327      5.597    27.3569 294.747326  0.000e+00
    348.266     1.9975    34.2322      5.597    27.3567 294.761215  0.000e+00
    348.241     1.9980    34.2326      5.596    27.3570 294.775104  0.000e+00
    348.178     2.0006    34.2330      5.590    27.3571 294.788993  0.000e+00
    348.101     2.0058    34.2342      5.596    27.3576 294.802882  0.000e+00
    347.978     2.0126    34.2354      5.594    27.3581 294.816771  0.000e+00
    347.853     2.0089    34.2349      5.593    27.3580 294.830648  0.000e+00
    347.706     2.0088    34.2348      5.599    27.3579 294.844537  0.000e+00
    347.551     2.0114    34.2356      5.591    27.3583 294.858426  0.000e+00
    347.384     2.0074    34.2351      5.595    27.3583 294.872326  0.000e+00
    347.228     2.0027    34.2338      5.599    27.3576 294.886215  0.000e+00
    347.075     2.0036    34.2341      5.607    27.3577 294.900104  0.000e+00
    346.928     2.0081    34.2355      5.614    27.3585 294.913993  0.000e+00
    346.789     2.0043    34.2342      5.598    27.3578 294.927882  0.000e+00
    346.679     1.9954    34.2319      5.594    27.3566 294.941771  0.000e+00
    346.574     1.9809    34.2290      5.596    27.3555 294.955660  0.000e+00
    346.501     1.9935    34.2319      5.603    27.3567 294.969549  0.000e+00
    346.440     1.9947    34.2314      5.598    27.3563 294.983437  0.000e+00
    346.410     1.9755    34.2278      5.596    27.3549 294.997315  0.000e+00
    346.402     1.9902    34.2305      5.587    27.3559 295.011204  0.000e+00
    346.431     1.9936    34.2316      5.593    27.3565 295.025104  0.000e+00
    346.487     2.0049    34.2338      5.591    27.3574 295.038993  0.000e+00
    346.571     2.0084    34.2348      5.593    27.3580 295.052882  0.000e+00
    346.678     2.0112    34.2350      5.594    27.3579 295.066771  0.000e+00
    346.806     2.0202    34.2372      5.596    27.3589 295.080660  0.000e+00
    346.946     2.0170    34.2369      5.602    27.3590 295.094549  0.000e+00
    347.112     2.0279    34.2389      5.593    27.3597 295.108437  0.000e+00
    347.271     2.0408    34.2414      5.583    27.3607 295.122315  0.000e+00
    347.439     2.0341    34.2402      5.580    27.3603 295.136204  0.000e+00
    347.600     2.0356    34.2405      5.575    27.3604 295.150093  0.000e+00
    347.769     2.0381    34.2406      5.578    27.3603 295.163981  0.000e+00
    347.936     2.0433    34.2422      5.578    27.3612 295.177882  0.000e+00
    348.078     2.0304    34.2396      5.601    27.3600 295.191771  0.000e+00
    348.217     2.0417    34.2422      5.595    27.3612 295.205660  0.000e+00
    348.347     2.0599    34.2463      5.580    27.3631 295.219549  0.000e+00
    348.438     2.0611    34.2463      5.576    27.3630 295.233437  0.000e+00
    348.524     2.0720    34.2479      5.569    27.3634 295.247326  0.000e+00
    348.571     2.1940    34.2755      5.538    27.3758 295.261204  0.000e+00
    348.606     2.1997    34.2762      5.534    27.3759 295.275093  0.000e+00
    348.606     2.1891    34.2753      5.532    27.3761 295.288981  0.000e+00
    348.570     2.1781    34.2718      5.529    27.3741 295.302870  0.000e+00
    348.506     2.1917    34.2744      5.530    27.3751 295.316759  0.000e+00
    348.424     2.1826    34.2726      5.539    27.3744 295.330648  0.000e+00
    348.307     2.1372    34.2622      5.538    27.3697 295.344537  0.000e+00
    348.185     2.1138    34.2567      5.545    27.3671 295.358426  0.000e+00
    348.040     2.1104    34.2577      5.548    27.3682 295.372315  0.000e+00
    347.891     2.1361    34.2611      5.545    27.3689 295.386204  0.000e+00
    347.741     2.0357    34.2404      5.564    27.3603 295.400093  0.000e+00
    347.590     2.0299    34.2383      5.571    27.3591 295.413993  0.000e+00
    347.437     2.0390    34.2414      5.562    27.3608 295.427870  0.000e+00
    347.301     2.0461    34.2408      5.561    27.3598 295.441759  0.000e+00
    347.153     2.0374    34.2404      5.567    27.3602 295.455648  0.000e+00
    347.053     2.0435    34.2417      5.567    27.3607 295.469537  0.000e+00
    346.947     2.0678    34.2476      5.558    27.3635 295.483437  0.000e+00
    346.870     2.1083    34.2560      5.549    27.3671 295.497326  0.000e+00
    346.813     2.1100    34.2557      5.547    27.3666 295.511215  0.000e+00
    346.776     2.0638    34.2464      5.559    27.3629 295.525093  0.000e+00
    346.748     2.0519    34.2438      5.565    27.3618 295.538993  0.000e+00
    346.748     2.0622    34.2458      5.563    27.3625 295.552882  0.000e+00
    346.805     2.2250    34.2820      5.532    27.3785 295.566759  0.000e+00
    346.861     2.1791    34.2733      5.534    27.3752 295.580648  0.000e+00
    346.939     2.0548    34.2447      5.553    27.3622 295.594537  0.000e+00
    347.034     2.1927    34.2671      5.532    27.3692 295.608426  0.000e+00
    347.141     2.2213    34.2811      5.528    27.3780 295.622315  0.000e+00
    347.273     2.2183    34.2803      5.533    27.3777 295.636204  0.000e+00
    347.395     2.1929    34.2785      5.531    27.3783 295.650093  0.000e+00
    347.527     2.2150    34.2792      5.527    27.3771 295.663981  0.000e+00
    347.655     2.1783    34.2720      5.528    27.3743 295.677870  0.000e+00
    347.793     2.2063    34.2781      5.523    27.3769 295.691759  0.000e+00
    347.910     2.2159    34.2802      5.528    27.3778 295.705648  0.000e+00
    348.014     2.2041    34.2774      5.525    27.3765 295.719537  0.000e+00
    348.095     2.1755    34.2717      5.517    27.3742 295.733426  0.000e+00
    348.154     2.1456    34.2651      5.520    27.3714 295.747315  0.000e+00
    348.176     2.0853    34.2526      5.530    27.3661 295.761204  0.000e+00
    348.169     2.0978    34.2548      5.531    27.3669 295.775093  0.000e+00
    348.147     2.1661    34.2685      5.524    27.3724 295.788993  0.000e+00
    348.112     2.1464    34.2638      5.528    27.3702 295.802870  0.000e+00
    348.034     2.1571    34.2673      5.525    27.3722 295.816759  0.000e+00
    347.943     2.1710    34.2716      5.524    27.3745 295.830648  0.000e+00
    347.846     2.1936    34.2751      5.532    27.3756 295.844537  0.000e+00
    347.718     2.2277    34.2825      5.528    27.3786 295.858426  0.000e+00
    347.576     2.1972    34.2763      5.530    27.3762 295.872315  0.000e+00
    347.436     2.0941    34.2525      5.552    27.3653 295.886204  0.000e+00
    347.300     2.0448    34.2422      5.567    27.3610 295.900093  0.000e+00
    347.168     2.0372    34.2404      5.573    27.3602 295.913981  0.000e+00
    347.029     2.0331    34.2367      5.585    27.3575 295.927870  0.000e+00
    346.913     2.0689    34.2479      5.572    27.3637 295.941759  0.000e+00
    346.812     2.0335    34.2400      5.583    27.3602 295.955660  0.000e+00
    346.711     2.0377    34.2406      5.581    27.3603 295.969549  0.000e+00
    346.626     2.0456    34.2427      5.583    27.3614 295.983437  0.000e+00
    346.579     2.0649    34.2469      5.575    27.3632 295.997326  0.000e+00
    346.529     2.0538    34.2446      5.572    27.3623 296.011215  0.000e+00
    346.520     2.0527    34.2443      5.576    27.3620 296.025093  0.000e+00
    346.526     2.0447    34.2430      5.580    27.3617 296.038981  0.000e+00
    346.557     2.0621    34.2467      5.575    27.3633 296.052870  0.000e+00
    346.620     2.0665    34.2478      5.573    27.3638 296.066759  0.000e+00
    346.724     2.0698    34.2484      5.569    27.3640 296.080648  0.000e+00
    346.845     2.0743    34.2493      5.569    27.3644 296.094537  0.000e+00
    346.978     2.0711    34.2485      5.568    27.3640 296.108437  0.000e+00
    347.145     2.0648    34.2474      5.574    27.3636 296.122326  0.000e+00
    347.308     2.0688    34.2480      5.573    27.3638 296.136215  0.000e+00
    347.483     2.0754    34.2492      5.574    27.3642 296.150104  0.000e+00
    347.652     2.0868    34.2521      5.564    27.3657 296.163981  0.000e+00
    347.804     2.0897    34.2525      5.569    27.3658 296.177870  0.000e+00
    347.969     2.0941    34.2535      5.559    27.3662 296.191759  0.000e+00
    348.110     2.1033    34.2551      5.559    27.3667 296.205648  0.000e+00
    348.251     2.1077    34.2563      5.558    27.3673 296.219537  0.000e+00
    348.387     2.1544    34.2688      5.543    27.3736 296.233426  0.000e+00
    348.477     2.1639    34.2697      5.538    27.3736 296.247315  0.000e+00
    348.573     2.1163    34.2578      5.555    27.3679 296.261204  0.000e+00
    348.623     2.1307    34.2611      5.552    27.3693 296.275104  0.000e+00
    348.656     2.1490    34.2654      5.551    27.3713 296.288981  0.000e+00
    348.651     2.1481    34.2647      5.545    27.3708 296.302870  0.000e+00
    348.618     2.1286    34.2604      5.551    27.3689 296.316759  0.000e+00
    348.568     2.2193    34.2758      5.538    27.3740 296.330648  0.000e+00
    348.510     2.1079    34.2561      5.560    27.3671 296.344537  0.000e+00
    348.411     2.2422    34.2840      5.527    27.3787 296.358426  0.000e+00
    348.300     2.2048    34.2772      5.536    27.3763 296.372303  0.000e+00
    348.193     2.1432    34.2667      5.547    27.3728 296.386204  0.000e+00
    348.065     2.1368    34.2627      5.553    27.3701 296.400093  0.000e+00
    347.923     2.2868    34.2947      5.517    27.3836 296.413981  0.000e+00
    347.798     2.2742    34.2945      5.520    27.3845 296.427870  0.000e+00
    347.665     2.2559    34.2838      5.522    27.3774 296.441759  0.000e+00
    347.533     2.1568    34.2652      5.542    27.3706 296.455648  0.000e+00
    347.411     2.1465    34.2650      5.549    27.3712 296.469537  0.000e+00
    347.298     2.1267    34.2602      5.556    27.3689 296.483426  0.000e+00
    347.217     2.1111    34.2565      5.563    27.3672 296.497315  0.000e+00
    347.138     2.1157    34.2579      5.562    27.3680 296.511204  0.000e+00
    347.059     2.1100    34.2567      5.564    27.3675 296.525093  0.000e+00
    347.003     2.1065    34.2556      5.569    27.3669 296.538981  0.000e+00
    346.981     2.1011    34.2547      5.568    27.3666 296.552870  0.000e+00
    346.966     2.0918    34.2527      5.576    27.3657 296.566771  0.000e+00
    346.966     2.1012    34.2553      5.570    27.3671 296.580660  0.000e+00
    347.001     2.0923    34.2530      5.574    27.3659 296.594549  0.000e+00
    347.051     2.0912    34.2527      5.570    27.3658 296.608437  0.000e+00
    347.119     2.0876    34.2516      5.576    27.3652 296.622315  0.000e+00
    347.213     2.0908    34.2523      5.567    27.3655 296.636204  0.000e+00
    347.314     2.0909    34.2522      5.572    27.3654 296.650093  0.000e+00
    347.430     2.0887    34.2524      5.574    27.3658 296.663981  0.000e+00
    347.538     2.0871    34.2518      5.578    27.3653 296.677870  0.000e+00
    347.647     2.1172    34.2586      5.566    27.3684 296.691759  0.000e+00
    347.758     2.0703    34.2490      5.573    27.3644 296.705648  0.000e+00
    347.855     2.0801    34.2508      5.577    27.3651 296.719549  0.000e+00
    347.938     2.0871    34.2527      5.576    27.3661 296.733437  0.000e+00
    348.029     2.1023    34.2555      5.572    27.3671 296.747326  0.000e+00
    348.097     2.1192    34.2588      5.568    27.3684 296.761215  0.000e+00
    348.135     2.1162    34.2583      5.567    27.3683 296.775093  0.000e+00
    348.155     2.1204    34.2582      5.573    27.3678 296.788981  0.000e+00
    348.157     2.1238    34.2598      5.565    27.3688 296.802870  0.000e+00
    348.118     2.1262    34.2602      5.574    27.3690 296.816759  0.000e+00
    348.065     2.1351    34.2620      5.571    27.3697 296.830648  0.000e+00
    347.990     2.1435    34.2640      5.567    27.3707 296.844537  0.000e+00
    347.905     2.1477    34.2646      5.570    27.3708 296.858426  0.000e+00
    347.793     2.1493    34.2653      5.563    27.3712 296.872315  0.000e+00
    347.683     2.1502    34.2656      5.564    27.3714 296.886204  0.000e+00
    347.565     2.1394    34.2635      5.569    27.3706 296.900093  0.000e+00
    347.444     2.1381    34.2629      5.571    27.3702 296.913981  0.000e+00
    347.328     2.1376    34.2625      5.564    27.3699 296.927870  0.000e+00
    347.219     2.1276    34.2622      5.571    27.3705 296.941759  0.000e+00
    347.103     2.1313    34.2615      5.569    27.3696 296.955648  0.000e+00
    347.013     2.1110    34.2573      5.570    27.3678 296.969537  0.000e+00
    346.919     2.1196    34.2598      5.568    27.3692 296.983426  0.000e+00
    346.847     2.1324    34.2622      5.563    27.3701 296.997315  0.000e+00
    346.802     2.1595    34.2678      5.554    27.3724 297.011204  0.000e+00
    346.775     2.1353    34.2625      5.560    27.3701 297.025093  0.000e+00
    346.759     2.1178    34.2584      5.567    27.3682 297.038981  0.000e+00
    346.759     2.1058    34.2569      5.566    27.3679 297.052882  0.000e+00
    346.798     2.1080    34.2575      5.563    27.3682 297.066759  0.000e+00
    346.856     2.1122    34.2580      5.564    27.3684 297.080648  0.000e+00
    346.919     2.0983    34.2554      5.564    27.3673 297.094537  0.000e+00
    347.013     2.1000    34.2554      5.563    27.3672 297.108426  0.000e+00
    347.125     2.1112    34.2581      5.562    27.3685 297.122315  0.000e+00
    347.235     2.0993    34.2553      5.568    27.3672 297.136204  0.000e+00
    347.370     2.0986    34.2549      5.569    27.3669 297.150093  0.000e+00
    347.519     2.0909    34.2535      5.571    27.3664 297.163981  0.000e+00
    347.663     2.0919    34.2541      5.565    27.3668 297.177882  0.000e+00
    347.804     2.0975    34.2553      5.563    27.3674 297.191771  0.000e+00
    347.950     2.1130    34.2585      5.562    27.3687 297.205660  0.000e+00
    348.082     2.1342    34.2631      5.551    27.3706 297.219537  0.000e+00
    348.219     2.1454    34.2660      5.549    27.3721 297.233426  0.000e+00
    348.340     2.1443    34.2653      5.549    27.3716 297.247315  0.000e+00
    348.449     2.1434    34.2652      5.546    27.3716 297.261204  0.000e+00
    348.554     2.1403    34.2648      5.547    27.3715 297.275093  0.000e+00
    348.616     2.1346    34.2638      5.548    27.3712 297.288981  0.000e+00
