data_sets/ocean/moorings/SBE37SMP-ODO-RS232_03715761_2018_06_12.cnv
* Sea-Bird SBE37SMP-ODO-RS232  Data File:
* FileName = C:\SeaBird_Data\Moorings_SBE37\Data\JIG_Jun_2018\Serial_15761\SBE37SMP-ODO-RS232_03715761_2018_06_12.hex
* Software version SeatermV2 2.6.3.104
* Temperature SN = 15761
* Conductivity SN = 15761
* System UpLoad Time = Jun 12 2018 21:39:03
* sample interval = 1200 seconds
* <ApplicationData>
# nquan = 7
# nvalues = 20433                                 
# units = specified
# name 0 = prdM: Pressure, Strain Gauge [db]
# name 1 = potemp090C: Potential Temperature [ITS-90, deg C]
# name 2 = sal00: Salinity, Practical [PSU]
# name 3 = sbeopoxML/L: Oxygen, SBE 63 [ml/l]
# name 4 = sigma-é00: Density [sigma-theta, kg/m^3]
# name 5 = timeJV2: Time, Instrument [julian days]
# name 6 = flag:  0.000e+00
# span 0 =  -1096.288,    530.861                 
# span 1 =   -43.9457,     7.5007                 
# span 2 =     0.0000,    34.4266                 
# span 3 =      5.353,     49.095                 
# span 4 =   -34.4787,    27.5971                 
# span 5 = -4.219e+03, 9144.94700                 
# span 6 = 0.0000e+00, 0.0000e+00                 
# interval = seconds: 1200
# start_time = Aug 28 2017 07:54:35 [Instrument's time stamp, first data scan]
# bad_flag = -9.990e-29
*END*
[from data line 1436]
    347.199     1.5453    34.1398      5.712    27.3165 260.275116  0.000e+00
    347.092     1.5503    34.1412      5.709    27.3173 260.289005  0.000e+00
    346.995     1.5393    34.1379      5.715    27.3154 260.302905  0.000e+00
    346.903     1.5348    34.1311      5.718    27.3103 260.316794  0.000e+00
    346.828     1.5380    34.1383      5.714    27.3158 260.330683  0.000e+00
    346.770     1.5371    34.1382      5.713    27.3158 260.344572  0.000e+00
    346.728     1.5536    34.1413      5.698    27.3171 260.358461  0.000e+00
    346.715     1.5231    34.1343      5.705    27.3137 260.372350  0.000e+00
    346.709     1.5245    34.1344      5.716    27.3137 260.386238  0.000e+00
    346.748     1.5441    34.1406      5.693    27.3173 260.400127  0.000e+00
    346.795     1.5895    34.1506      5.671    27.3220 260.414005  0.000e+00
    346.883     1.5522    34.1421      5.682    27.3179 260.427894  0.000e+00
    346.983     1.5447    34.1407      5.692    27.3173 260.441782  0.000e+00
    347.092     1.5604    34.1445      5.683    27.3192 260.455683  0.000e+00
    347.222     1.5166    34.1336      5.709    27.3135 260.469572  0.000e+00
    347.361     1.5190    34.1329      5.714    27.3129 260.483461  0.000e+00
    347.517     1.5806    34.1475      5.683    27.3201 260.497350  0.000e+00
    347.680     1.5759    34.1459      5.682    27.3192 260.511238  0.000e+00
    347.836     1.5981    34.1522      5.673    27.3227 260.525127  0.000e+00
    347.996     1.5838    34.1489      5.670    27.3210 260.539005  0.000e+00
    348.141     1.6015    34.1527      5.659    27.3228 260.552894  0.000e+00
    348.276     1.6058    34.1542      5.655    27.3236 260.566782  0.000e+00
    348.392     1.6118    34.1560      5.646    27.3247 260.580671  0.000e+00
    348.485     1.6131    34.1564      5.644    27.3249 260.594560  0.000e+00
    348.551     1.5830    34.1483      5.665    27.3206 260.608461  0.000e+00
    348.618     1.5726    34.1463      5.674    27.3197 260.622350  0.000e+00
    348.642     1.6019    34.1530      5.659    27.3230 260.636238  0.000e+00
    348.643     1.5897    34.1506      5.624    27.3220 260.650127  0.000e+00
    348.612     1.5938    34.1518      5.627    27.3226 260.664016  0.000e+00
    348.571     1.5594    34.1425      5.647    27.3176 260.677894  0.000e+00
    348.507     1.5921    34.1512      5.589    27.3223 260.691794  0.000e+00
    348.429     1.5988    34.1533      5.569    27.3235 260.705671  0.000e+00
    348.316     1.6051    34.1551      5.568    27.3244 260.719560  0.000e+00
    348.208     1.5641    34.1459      5.601    27.3201 260.733449  0.000e+00
    348.076     1.5969    34.1535      5.576    27.3238 260.747338  0.000e+00
    347.933     1.6046    34.1551      5.576    27.3245 260.761238  0.000e+00
    347.782     1.5587    34.1499      5.623    27.3236 260.775127  0.000e+00
    347.627     1.5834    34.1499      5.611    27.3218 260.789016  0.000e+00
    347.471     1.5406    34.1384      5.639    27.3157 260.802905  0.000e+00
    347.317     1.5599    34.1439      5.633    27.3187 260.816794  0.000e+00
    347.174     1.5615    34.1439      5.633    27.3186 260.830683  0.000e+00
    347.039     1.5938    34.1509      5.613    27.3219 260.844560  0.000e+00
    346.920     1.5927    34.1518      5.595    27.3227 260.858449  0.000e+00
    346.803     1.6011    34.1539      5.590    27.3238 260.872338  0.000e+00
    346.728     1.6081    34.1546      5.611    27.3238 260.886227  0.000e+00
    346.672     1.6288    34.1593      5.630    27.3261 260.900116  0.000e+00
    346.641     1.6026    34.1536      5.633    27.3235 260.914016  0.000e+00
    346.638     1.6255    34.1586      5.619    27.3258 260.927905  0.000e+00
    346.653     1.6279    34.1592      5.601    27.3261 260.941794  0.000e+00
    346.711     1.6092    34.1553      5.586    27.3244 260.955671  0.000e+00
    346.766     1.6194    34.1581      5.601    27.3258 260.969560  0.000e+00
    346.869     1.6239    34.1584      5.642    27.3257 260.983449  0.000e+00
    346.949     1.6344    34.1609      5.643    27.3270 260.997338  0.000e+00
    347.063     1.6353    34.1611      5.652    27.3271 261.011227  0.000e+00
    347.171     1.6472    34.1636      5.635    27.3282 261.025116  0.000e+00
    347.296     1.6657    34.1677      5.618    27.3301 261.039005  0.000e+00
    347.421     1.6760    34.1693      5.607    27.3307 261.052894  0.000e+00
    347.536     1.6800    34.1707      5.596    27.3315 261.066782  0.000e+00
    347.659     1.6644    34.1673      5.606    27.3299 261.080671  0.000e+00
    347.757     1.6456    34.1627      5.619    27.3276 261.094560  0.000e+00
    347.864     1.6691    34.1682      5.603    27.3303 261.108449  0.000e+00
    347.959     1.6560    34.1653      5.606    27.3290 261.122338  0.000e+00
    348.024     1.6385    34.1614      5.620    27.3271 261.136227  0.000e+00
    348.081     1.6362    34.1612      5.625    27.3271 261.150116  0.000e+00
    348.100     1.6763    34.1695      5.597    27.3308 261.164005  0.000e+00
    348.112     1.6753    34.1692      5.605    27.3306 261.177894  0.000e+00
    348.093     1.6671    34.1690      5.643    27.3311 261.191782  0.000e+00
    348.049     1.6730    34.1688      5.625    27.3305 261.205671  0.000e+00
    347.986     1.6937    34.1737      5.609    27.3329 261.219560  0.000e+00
    347.899     1.6863    34.1721      5.619    27.3322 261.233449  0.000e+00
    347.790     1.6895    34.1725      5.606    27.3323 261.247338  0.000e+00
    347.676     1.6827    34.1713      5.604    27.3318 261.261227  0.000e+00
    347.552     1.6711    34.1684      5.606    27.3303 261.275116  0.000e+00
    347.418     1.6730    34.1654      5.609    27.3277 261.289005  0.000e+00
    347.293     1.6555    34.1665      5.615    27.3299 261.302894  0.000e+00
    347.157     1.6465    34.1633      5.624    27.3280 261.316782  0.000e+00
    347.033     1.6224    34.1580      5.608    27.3256 261.330671  0.000e+00
    346.910     1.6225    34.1579      5.615    27.3254 261.344560  0.000e+00
    346.810     1.6214    34.1576      5.615    27.3253 261.358461  0.000e+00
    346.732     1.6308    34.1591      5.628    27.3258 261.372350  0.000e+00
    346.669     1.6247    34.1580      5.634    27.3253 261.386238  0.000e+00
    346.625     1.6285    34.1596      5.614    27.3264 261.400127  0.000e+00
    346.628     1.6224    34.1582      5.591    27.3257 261.414005  0.000e+00
    346.647     1.6197    34.1574      5.597    27.3253 261.427894  0.000e+00
    346.691     1.6207    34.1576      5.588    27.3253 261.441782  0.000e+00
    346.766     1.6280    34.1601      5.614    27.3268 261.455671  0.000e+00
    346.875     1.6276    34.1595      5.606    27.3264 261.469560  0.000e+00
    347.000     1.6219    34.1581      5.604    27.3256 261.483449  0.000e+00
    347.141     1.6220    34.1580      5.598    27.3255 261.497338  0.000e+00
    347.300     1.6276    34.1588      5.592    27.3258 261.511238  0.000e+00
    347.465     1.6199    34.1587      5.572    27.3262 261.525127  0.000e+00
    347.632     1.6147    34.1576      5.541    27.3257 261.539016  0.000e+00
    347.810     1.6173    34.1579      5.538    27.3258 261.552905  0.000e+00
    347.973     1.6360    34.1626      5.542    27.3282 261.566794  0.000e+00
    348.128     1.6403    34.1633      5.532    27.3285 261.580671  0.000e+00
    348.270     1.6442    34.1648      5.532    27.3294 261.594560  0.000e+00
    348.406     1.6508    34.1658      5.539    27.3297 261.608449  0.000e+00
    348.515     1.6551    34.1656      5.567    27.3292 261.622338  0.000e+00
    348.628     1.6517    34.1657      5.549    27.3295 261.636227  0.000e+00
    348.701     1.6418    34.1633      5.540    27.3283 261.650116  0.000e+00
    348.745     1.6281    34.1600      5.565    27.3267 261.664016  0.000e+00
    348.762     1.6240    34.1586      5.568    27.3259 261.677905  0.000e+00
    348.745     1.6100    34.1551      5.584    27.3241 261.691794  0.000e+00
    348.704     1.5980    34.1527      5.590    27.3231 261.705683  0.000e+00
    348.638     1.6008    34.1534      5.586    27.3234 261.719572  0.000e+00
    348.530     1.6007    34.1542      5.575    27.3240 261.733461  0.000e+00
    348.418     1.5795    34.1488      5.594    27.3212 261.747338  0.000e+00
    348.283     1.5798    34.1486      5.602    27.3210 261.761227  0.000e+00
    348.123     1.6125    34.1537      5.564    27.3228 261.775116  0.000e+00
    347.954     1.6005    34.1551      5.568    27.3248 261.789005  0.000e+00
    347.788     1.5958    34.1531      5.573    27.3235 261.802894  0.000e+00
    347.614     1.5825    34.1500      5.595    27.3220 261.816794  0.000e+00
    347.442     1.5947    34.1522      5.592    27.3229 261.830683  0.000e+00
    347.264     1.5925    34.1509      5.588    27.3220 261.844572  0.000e+00
    347.110     1.6165    34.1567      5.572    27.3249 261.858461  0.000e+00
    346.963     1.6263    34.1591      5.555    27.3261 261.872338  0.000e+00
    346.828     1.6065    34.1534      5.580    27.3230 261.886227  0.000e+00
    346.719     1.6028    34.1539      5.582    27.3237 261.900116  0.000e+00
    346.635     1.6494    34.1642      5.565    27.3285 261.914005  0.000e+00
    346.569     1.5898    34.1514      5.596    27.3226 261.927894  0.000e+00
    346.536     1.5891    34.1500      5.602    27.3215 261.941782  0.000e+00
    346.539     1.5772    34.1470      5.620    27.3200 261.955671  0.000e+00
    346.573     1.5774    34.1469      5.628    27.3199 261.969572  0.000e+00
    346.620     1.5674    34.1451      5.640    27.3191 261.983461  0.000e+00
    346.698     1.5603    34.1420      5.649    27.3172 261.997350  0.000e+00
    346.805     1.5668    34.1426      5.649    27.3172 262.011238  0.000e+00
    346.924     1.5667    34.1460      5.642    27.3199 262.025127  0.000e+00
    347.044     1.6618    34.1681      5.538    27.3308 262.039016  0.000e+00
    347.197     1.6636    34.1676      5.542    27.3302 262.052894  0.000e+00
    347.355     1.6562    34.1663      5.552    27.3297 262.066782  0.000e+00
    347.509     1.6608    34.1675      5.562    27.3303 262.080671  0.000e+00
    347.654     1.6811    34.1717      5.560    27.3322 262.094560  0.000e+00
    347.782     1.7719    34.1909      5.569    27.3409 262.108449  0.000e+00
    347.938     1.7530    34.1876      5.585    27.3396 262.122338  0.000e+00
    348.050     1.7873    34.1954      5.599    27.3433 262.136227  0.000e+00
    348.158     1.8148    34.2026      5.589    27.3470 262.150116  0.000e+00
    348.233     1.8018    34.1990      5.603    27.3451 262.164005  0.000e+00
    348.291     1.8064    34.1997      5.606    27.3453 262.177894  0.000e+00
    348.321     1.8657    34.2114      5.607    27.3502 262.191782  0.000e+00
    348.316     1.8846    34.2165      5.589    27.3528 262.205660  0.000e+00
    348.290     1.8834    34.2126      5.591    27.3498 262.219549  0.000e+00
    348.232     1.8875    34.2165      5.602    27.3526 262.233437  0.000e+00
    348.151     1.9301    34.2266      5.563    27.3575 262.247326  0.000e+00
    348.049     1.9104    34.2219      5.583    27.3552 262.261215  0.000e+00
    347.931     1.9247    34.2248      5.576    27.3564 262.275104  0.000e+00
    347.802     1.9027    34.2200      5.585    27.3543 262.288993  0.000e+00
    347.663     1.8623    34.2111      5.607    27.3502 262.302882  0.000e+00
    347.519     1.8815    34.2154      5.599    27.3522 262.316782  0.000e+00
    347.372     1.8959    34.2149      5.596    27.3507 262.330660  0.000e+00
    347.221     1.9065    34.2208      5.584    27.3546 262.344549  0.000e+00
    347.086     1.8735    34.2123      5.600    27.3504 262.358437  0.000e+00
    346.944     1.8650    34.2120      5.608    27.3508 262.372326  0.000e+00
    346.825     1.8357    34.2053      5.642    27.3476 262.386215  0.000e+00
    346.719     1.8195    34.2018      5.645    27.3460 262.400104  0.000e+00
    346.648     1.8174    34.2014      5.644    27.3458 262.413993  0.000e+00
    346.588     1.8502    34.2078      5.634    27.3485 262.427894  0.000e+00
    346.576     1.8386    34.2209      5.632    27.3598 262.441782  0.000e+00
    346.588     1.8503    34.2085      5.638    27.3490 262.455671  0.000e+00
    346.633     1.8359    34.2059      5.644    27.3480 262.469560  0.000e+00
    346.723     1.8206    34.2060      5.642    27.3493 262.483449  0.000e+00
    346.808     1.7940    34.1948      5.648    27.3424 262.497338  0.000e+00
    346.947     1.8739    34.2139      5.611    27.3516 262.511227  0.000e+00
    347.111     1.9149    34.2237      5.566    27.3563 262.525104  0.000e+00
    347.277     1.9014    34.2211      5.581    27.3552 262.538993  0.000e+00
    347.454     1.8728    34.2140      5.604    27.3517 262.552882  0.000e+00
    347.640     1.9028    34.2203      5.578    27.3545 262.566771  0.000e+00
    347.819     1.9019    34.2198      5.586    27.3542 262.580660  0.000e+00
    347.988     1.8902    34.2175      5.589    27.3532 262.594549  0.000e+00
    348.157     1.9037    34.2205      5.584    27.3546 262.608449  0.000e+00
    348.312     1.9010    34.2200      5.581    27.3544 262.622326  0.000e+00
    348.456     1.8857    34.2166      5.588    27.3528 262.636215  0.000e+00
    348.570     1.8763    34.2144      5.598    27.3518 262.650104  0.000e+00
    348.657     1.8683    34.2125      5.602    27.3509 262.663993  0.000e+00
    348.735     1.8749    34.2138      5.588    27.3514 262.677882  0.000e+00
    348.778     1.8746    34.2136      5.597    27.3513 262.691771  0.000e+00
    348.788     1.8743    34.2136      5.594    27.3513 262.705660  0.000e+00
    348.770     1.8635    34.2114      5.605    27.3503 262.719549  0.000e+00
    348.707     1.8622    34.2113      5.602    27.3504 262.733449  0.000e+00
    348.623     1.8608    34.2109      5.604    27.3502 262.747338  0.000e+00
    348.510     1.8567    34.2098      5.607    27.3496 262.761227  0.000e+00
    348.374     1.8549    34.2093      5.605    27.3494 262.775116  0.000e+00
    348.214     1.8504    34.2086      5.610    27.3491 262.788993  0.000e+00
    348.057     1.8484    34.2077      5.610    27.3486 262.802882  0.000e+00
    347.888     1.8419    34.2067      5.613    27.3482 262.816771  0.000e+00
    347.704     1.8436    34.2068      5.617    27.3482 262.830660  0.000e+00
    347.525     1.8446    34.2071      5.609    27.3483 262.844549  0.000e+00
    347.352     1.8496    34.2081      5.609    27.3487 262.858437  0.000e+00
    347.177     1.8488    34.2081      5.609    27.3488 262.872326  0.000e+00
    347.013     1.8516    34.2087      5.608    27.3491 262.886227  0.000e+00
    346.860     1.8529    34.2088      5.609    27.3491 262.900116  0.000e+00
    346.722     1.8550    34.2096      5.604    27.3496 262.914005  0.000e+00
    346.600     1.8548    34.2092      5.607    27.3493 262.927894  0.000e+00
    346.513     1.8583    34.2102      5.606    27.3498 262.941771  0.000e+00
    346.469     1.8611    34.2106      5.608    27.3499 262.955660  0.000e+00
    346.429     1.8641    34.2118      5.602    27.3506 262.969549  0.000e+00
    346.441     1.8666    34.2119      5.601    27.3505 262.983437  0.000e+00
    346.478     1.8634    34.2114      5.606    27.3504 262.997326  0.000e+00
    346.553     1.8672    34.2121      5.606    27.3506 263.011215  0.000e+00
    346.650     1.8642    34.2112      5.601    27.3501 263.025104  0.000e+00
    346.775     1.8674    34.2120      5.607    27.3506 263.039005  0.000e+00
    346.919     1.8709    34.2131      5.610    27.3512 263.052894  0.000e+00
    347.069     1.8696    34.2137      5.620    27.3518 263.066782  0.000e+00
    347.232     1.8809    34.2154      5.618    27.3523 263.080660  0.000e+00
    347.397     1.8916    34.2173      5.615    27.3529 263.094549  0.000e+00
    347.560     1.8982    34.2185      5.613    27.3534 263.108437  0.000e+00
