data_sets/ocean/moorings/sbe37smp-odo-rs232_03715761_2019_10_06.cnv
* Sea-Bird SBE37SMP-ODO-RS232  Data File:
* FileName = C:\SeaBird_Data\Moorings_SBE37\Data\JIG_Oct_2019\Serial_15761\SBE37SMP-ODO-RS232_03715761_2019_10_06.hex
* Software version SeatermV2 2.6.3.104
* Temperature SN = 15761
* Conductivity SN = 15761
* System UpLoad Time = Oct 06 2019 19:21:52
* sample interval = 1200 seconds
* <ApplicationData>
# nquan = 11
# nvalues = 25376                                 
# units = specified
# name 0 = depSM: Depth [salt water, m], lat = 66.00
# name 1 = tv290C: Temperature [ITS-90, deg C]
# name 2 = sal00: Salinity, Practical [PSU]
# name 3 = density00: Density [density, kg/m^3]
# name 4 = potemp090C: Potential Temperature [ITS-90, deg C]
# name 5 = prdM: Pressure, Strain Gauge [db]
# name 6 = timeS: Time, Elapsed [seconds]
# name 7 = svCM: Sound Velocity [Chen-Millero, m/s]
# name 8 = cond0S/m: Conductivity [S/m]
# name 9 = scan: Scan Count
# name 10 = flag:  0.000e+00
# span 0 =  -4396.036,  19332.760                 
# span 1 =   -45.2767,    99.0000                 
# span 2 =     0.0000,  1999.0000                 
# span 3 =   940.6991,  4075.6022                 
# span 4 =   -46.3793,   103.4253                 
# span 5 =  -4391.019,  20363.806                 
# span 6 =      0.000, 30450000.0                 
# span 7 =      23.26,    9979.45                 
# span 8 = -99.000000, 110.958886                 
# span 9 =          1,      25376                 
# span 10 = 0.0000e+00, 0.0000e+00                
# interval = seconds: 1200
# start_time = Jun 12 2018 22:00:14 [Instrument's time stamp, first data scan]
# bad_flag = -9.990e-29
*END*
[from data line 15476]
    342.129     2.2869    34.2124  1028.9393     2.2674    345.829 18571200.0    1463.96   3.055416      15477  0.000e+00
    342.031     2.2868    34.2121  1028.9386     2.2673    345.730 18572400.0    1463.96   3.055371      15478  0.000e+00
    341.935     2.2862    34.2119  1028.9381     2.2667    345.633 18573600.0    1463.95   3.055310      15479  0.000e+00
    341.844     2.2778    34.2086  1028.9358     2.2584    345.541 18574800.0    1463.91   3.054307      15480  0.000e+00
    341.762     2.2672    34.2055  1028.9338     2.2478    345.458 18576000.0    1463.86   3.053132      15481  0.000e+00
    341.697     2.2688    34.2053  1028.9333     2.2494    345.393 18577200.0    1463.87   3.053260      15482  0.000e+00
    341.649     2.2688    34.2054  1028.9331     2.2494    345.344 18578400.0    1463.86   3.053266      15483  0.000e+00
    341.611     2.2718    34.2061  1028.9332     2.2524    345.305 18579600.0    1463.88   3.053574      15484  0.000e+00
    341.594     2.2674    34.2054  1028.9330     2.2480    345.288 18580800.0    1463.86   3.053143      15485  0.000e+00
    341.587     2.2684    34.2060  1028.9334     2.2490    345.281 18582000.0    1463.86   3.053277      15486  0.000e+00
    341.592     2.2721    34.2085  1028.9350     2.2527    345.286 18583200.0    1463.88   3.053792      15487  0.000e+00
    341.617     2.2778    34.2094  1028.9354     2.2584    345.311 18584400.0    1463.91   3.054363      15488  0.000e+00
    341.654     2.2821    34.2109  1028.9363     2.2626    345.349 18585600.0    1463.93   3.054856      15489  0.000e+00
    341.702     2.2828    34.2110  1028.9366     2.2633    345.397 18586800.0    1463.93   3.054923      15490  0.000e+00
    341.750     2.2843    34.2115  1028.9371     2.2649    345.446 18588000.0    1463.94   3.055103      15491  0.000e+00
    341.809     2.2851    34.2119  1028.9376     2.2656    345.505 18589200.0    1463.95   3.055203      15492  0.000e+00
    341.880     2.2845    34.2119  1028.9380     2.2651    345.577 18590400.0    1463.95   3.055159      15493  0.000e+00
    341.945     2.2728    34.2074  1028.9358     2.2534    345.643 18591600.0    1463.89   3.053787      15494  0.000e+00
    342.022     2.2707    34.2069  1028.9359     2.2512    345.721 18592800.0    1463.88   3.053557      15495  0.000e+00
    342.087     2.2824    34.2113  1028.9386     2.2629    345.786 18594000.0    1463.94   3.054929      15496  0.000e+00
    342.145     2.2809    34.2111  1028.9389     2.2614    345.846 18595200.0    1463.93   3.054789      15497  0.000e+00
    342.210     2.2841    34.2116  1028.9393     2.2646    345.912 18596400.0    1463.95   3.055103      15498  0.000e+00
    342.272     2.2806    34.2096  1028.9383     2.2611    345.974 18597600.0    1463.93   3.054644      15499  0.000e+00
    342.325     2.2762    34.2093  1028.9387     2.2568    346.027 18598800.0    1463.91   3.054246      15500  0.000e+00
    342.371     2.2718    34.2074  1028.9378     2.2523    346.074 18600000.0    1463.89   3.053714      15501  0.000e+00
    342.396     2.2731    34.2084  1028.9387     2.2537    346.099 18601200.0    1463.90   3.053916      15502  0.000e+00
    342.422     2.2725    34.2074  1028.9380     2.2530    346.125 18602400.0    1463.90   3.053770      15503  0.000e+00
    342.433     2.2725    34.2072  1028.9379     2.2531    346.137 18603600.0    1463.90   3.053765      15504  0.000e+00
    342.427     2.2757    34.2088  1028.9388     2.2562    346.130 18604800.0    1463.91   3.054168      15505  0.000e+00
    342.412     2.2706    34.2070  1028.9378     2.2512    346.116 18606000.0    1463.89   3.053580      15506  0.000e+00
    342.371     2.2793    34.2095  1028.9388     2.2598    346.074 18607200.0    1463.93   3.054526      15507  0.000e+00
    342.340     2.2733    34.2075  1028.9377     2.2538    346.043 18608400.0    1463.90   3.053854      15508  0.000e+00
    342.307     2.2725    34.2079  1028.9379     2.2530    346.010 18609600.0    1463.89   3.053815      15509  0.000e+00
    342.254     2.2715    34.2075  1028.9374     2.2520    345.955 18610800.0    1463.89   3.053692      15510  0.000e+00
    342.207     2.2816    34.2103  1028.9385     2.2621    345.908 18612000.0    1463.94   3.054789      15511  0.000e+00
    342.158     2.2784    34.2092  1028.9377     2.2589    345.858 18613200.0    1463.92   3.054425      15512  0.000e+00
    342.102     2.2604    34.2039  1028.9348     2.2410    345.802 18614400.0    1463.83   3.052432      15513  0.000e+00
    342.054     2.2520    34.2009  1028.9330     2.2326    345.753 18615600.0    1463.79   3.051469      15514  0.000e+00
    342.011     2.2735    34.2070  1028.9357     2.2540    345.710 18616800.0    1463.89   3.053815      15515  0.000e+00
    341.974     2.2643    34.2036  1028.9336     2.2448    345.672 18618000.0    1463.85   3.052734      15516  0.000e+00
    341.930     2.2394    34.1957  1028.9294     2.2201    345.628 18619200.0    1463.73   3.049958      15517  0.000e+00
    341.912     2.2429    34.1972  1028.9302     2.2235    345.610 18620400.0    1463.75   3.050378      15518  0.000e+00
    341.903     2.2360    34.1956  1028.9295     2.2166    345.600 18621600.0    1463.71   3.049645      15519  0.000e+00
    341.901     2.2649    34.2021  1028.9320     2.2455    345.599 18622800.0    1463.85   3.052673      15520  0.000e+00
    341.912     2.2632    34.2047  1028.9343     2.2438    345.610 18624000.0    1463.84   3.052729      15521  0.000e+00
    341.926     2.2732    34.2085  1028.9365     2.2538    345.624 18625200.0    1463.89   3.053904      15522  0.000e+00
    341.964     2.2617    34.2036  1028.9338     2.2422    345.663 18626400.0    1463.84   3.052516      15523  0.000e+00
    341.995     2.2543    34.2012  1028.9327     2.2349    345.694 18627600.0    1463.80   3.051693      15524  0.000e+00
    342.028     2.2516    34.2000  1028.9322     2.2322    345.727 18628800.0    1463.79   3.051357      15525  0.000e+00
    342.085     2.2498    34.1997  1028.9323     2.2304    345.785 18630000.0    1463.78   3.051178      15526  0.000e+00
    342.137     2.2466    34.1991  1028.9324     2.2272    345.838 18631200.0    1463.77   3.050859      15527  0.000e+00
    342.196     2.2481    34.1992  1028.9327     2.2287    345.897 18632400.0    1463.78   3.051005      15528  0.000e+00
    342.261     2.2476    34.1991  1028.9329     2.2282    345.963 18633600.0    1463.77   3.050949      15529  0.000e+00
    342.322     2.2611    34.2031  1028.9351     2.2417    346.024 18634800.0    1463.84   3.052438      15530  0.000e+00
    342.388     2.2604    34.2035  1028.9359     2.2409    346.091 18636000.0    1463.84   3.052415      15531  0.000e+00
    342.467     2.2589    34.2029  1028.9359     2.2394    346.171 18637200.0    1463.83   3.052236      15532  0.000e+00
    342.532     2.2556    34.2016  1028.9354     2.2361    346.237 18638400.0    1463.82   3.051850      15533  0.000e+00
    342.587     2.2559    34.2028  1028.9366     2.2365    346.293 18639600.0    1463.82   3.051979      15534  0.000e+00
    342.644     2.2600    34.2036  1028.9372     2.2405    346.350 18640800.0    1463.84   3.052404      15535  0.000e+00
    342.694     2.2773    34.2107  1028.9415     2.2577    346.400 18642000.0    1463.93   3.054465      15536  0.000e+00
    342.740     2.2798    34.2105  1028.9414     2.2603    346.447 18643200.0    1463.94   3.054677      15537  0.000e+00
    342.760     2.2764    34.2092  1028.9407     2.2569    346.468 18644400.0    1463.92   3.054274      15538  0.000e+00
    342.768     2.2730    34.2082  1028.9403     2.2535    346.476 18645600.0    1463.91   3.053905      15539  0.000e+00
    342.767     2.2768    34.2099  1028.9413     2.2573    346.474 18646800.0    1463.92   3.054369      15540  0.000e+00
    342.751     2.2741    34.2088  1028.9405     2.2546    346.459 18648000.0    1463.91   3.054045      15541  0.000e+00
    342.721     2.2700    34.2075  1028.9397     2.2505    346.429 18649200.0    1463.89   3.053580      15542  0.000e+00
    342.668     2.2668    34.2063  1028.9388     2.2473    346.374 18650400.0    1463.87   3.053205      15543  0.000e+00
    342.618     2.2717    34.2082  1028.9397     2.2522    346.324 18651600.0    1463.90   3.053776      15544  0.000e+00
    342.541     2.2710    34.2075  1028.9388     2.2515    346.246 18652800.0    1463.89   3.053658      15545  0.000e+00
    342.470     2.2705    34.2089  1028.9396     2.2510    346.174 18654000.0    1463.89   3.053720      15546  0.000e+00
    342.386     2.2793    34.2102  1028.9395     2.2598    346.090 18655200.0    1463.93   3.054588      15547  0.000e+00
    342.309     2.2765    34.2095  1028.9388     2.2570    346.012 18656400.0    1463.91   3.054291      15548  0.000e+00
    342.230     2.2730    34.2087  1028.9381     2.2535    345.932 18657600.0    1463.90   3.053910      15549  0.000e+00
    342.124     2.2721    34.2081  1028.9372     2.2526    345.824 18658800.0    1463.89   3.053787      15550  0.000e+00
    342.043     2.2668    34.2031  1028.9333     2.2474    345.743 18660000.0    1463.86   3.052919      15551  0.000e+00
    341.951     2.2610    34.2046  1028.9346     2.2416    345.649 18661200.0    1463.83   3.052533      15552  0.000e+00
    341.869     2.2582    34.2035  1028.9336     2.2388    345.566 18662400.0    1463.82   3.052202      15553  0.000e+00
    341.788     2.2561    34.2023  1028.9324     2.2367    345.484 18663600.0    1463.81   3.051917      15554  0.000e+00
    341.717     2.2731    34.2084  1028.9354     2.2537    345.413 18664800.0    1463.89   3.053876      15555  0.000e+00
    341.660     2.2868    34.2137  1028.9382     2.2673    345.355 18666000.0    1463.95   3.055489      15556  0.000e+00
    341.614     2.2861    34.2141  1028.9383     2.2666    345.308 18667200.0    1463.95   3.055455      15557  0.000e+00
    341.578     2.2868    34.2140  1028.9380     2.2674    345.272 18668400.0    1463.95   3.055511      15558  0.000e+00
    341.552     2.2866    34.2143  1028.9381     2.2672    345.246 18669600.0    1463.95   3.055511      15559  0.000e+00
    341.543     2.2862    34.2143  1028.9381     2.2668    345.236 18670800.0    1463.95   3.055483      15560  0.000e+00
    341.549     2.2837    34.2133  1028.9376     2.2642    345.243 18672000.0    1463.94   3.055181      15561  0.000e+00
    341.558     2.2842    34.2128  1028.9372     2.2648    345.252 18673200.0    1463.94   3.055192      15562  0.000e+00
    341.592     2.2824    34.2123  1028.9371     2.2629    345.286 18674400.0    1463.93   3.054991      15563  0.000e+00
    341.629     2.2614    34.2021  1028.9311     2.2420    345.324 18675600.0    1463.83   3.052359      15564  0.000e+00
    341.666     2.2630    34.2041  1028.9326     2.2436    345.361 18676800.0    1463.84   3.052650      15565  0.000e+00
    341.717     2.2547    34.2025  1028.9324     2.2353    345.413 18678000.0    1463.80   3.051810      15566  0.000e+00
    341.776     2.2509    34.2006  1028.9315     2.2315    345.472 18679200.0    1463.78   3.051335      15567  0.000e+00
    341.850     2.2464    34.1989  1028.9309     2.2270    345.547 18680400.0    1463.76   3.050809      15568  0.000e+00
    341.915     2.2378    34.1959  1028.9296     2.2184    345.613 18681600.0    1463.72   3.049829      15569  0.000e+00
    341.989     2.2400    34.1972  1028.9307     2.2207    345.688 18682800.0    1463.73   3.050126      15570  0.000e+00
    342.060     2.2368    34.1966  1028.9309     2.2175    345.760 18684000.0    1463.72   3.049807      15571  0.000e+00
    342.144     2.2404    34.1976  1028.9318     2.2210    345.844 18685200.0    1463.74   3.050199      15572  0.000e+00
    342.215     2.2420    34.1983  1028.9325     2.2226    345.916 18686400.0    1463.75   3.050395      15573  0.000e+00
    342.295     2.2475    34.1994  1028.9333     2.2281    345.997 18687600.0    1463.77   3.050960      15574  0.000e+00
    342.357     2.2502    34.2003  1028.9341     2.2308    346.060 18688800.0    1463.79   3.051273      15575  0.000e+00
    342.409     2.2481    34.2000  1028.9342     2.2287    346.113 18690000.0    1463.78   3.051072      15576  0.000e+00
    342.456     2.2491    34.2000  1028.9344     2.2297    346.160 18691200.0    1463.79   3.051161      15577  0.000e+00
    342.493     2.2453    34.1988  1028.9340     2.2259    346.197 18692400.0    1463.77   3.050736      15578  0.000e+00
    342.507     2.2442    34.1981  1028.9336     2.2248    346.212 18693600.0    1463.76   3.050591      15579  0.000e+00
    342.516     2.2464    34.1993  1028.9344     2.2269    346.221 18694800.0    1463.77   3.050870      15580  0.000e+00
    342.516     2.2657    34.2056  1028.9377     2.2463    346.221 18696000.0    1463.87   3.053054      15581  0.000e+00
    342.507     2.2725    34.2090  1028.9397     2.2530    346.212 18697200.0    1463.90   3.053910      15582  0.000e+00
    342.485     2.2705    34.2084  1028.9393     2.2511    346.190 18698400.0    1463.89   3.053692      15583  0.000e+00
    342.468     2.2692    34.2080  1028.9390     2.2497    346.172 18699600.0    1463.88   3.053546      15584  0.000e+00
    342.440     2.2682    34.2074  1028.9385     2.2488    346.144 18700800.0    1463.88   3.053412      15585  0.000e+00
    342.402     2.2658    34.2079  1028.9389     2.2463    346.105 18702000.0    1463.87   3.053233      15586  0.000e+00
    342.374     2.2631    34.2068  1028.9381     2.2436    346.077 18703200.0    1463.85   3.052908      15587  0.000e+00
    342.337     2.2650    34.2081  1028.9389     2.2456    346.040 18704400.0    1463.86   3.053182      15588  0.000e+00
    342.294     2.2663    34.2087  1028.9390     2.2469    345.996 18705600.0    1463.87   3.053345      15589  0.000e+00
    342.254     2.2665    34.2082  1028.9384     2.2470    345.955 18706800.0    1463.87   3.053317      15590  0.000e+00
    342.223     2.2667    34.2083  1028.9383     2.2473    345.924 18708000.0    1463.87   3.053339      15591  0.000e+00
    342.195     2.2654    34.2077  1028.9378     2.2459    345.896 18709200.0    1463.86   3.053171      15592  0.000e+00
    342.158     2.2650    34.2080  1028.9379     2.2455    345.858 18710400.0    1463.86   3.053160      15593  0.000e+00
    342.127     2.2657    34.2082  1028.9379     2.2463    345.827 18711600.0    1463.86   3.053244      15594  0.000e+00
    342.118     2.2699    34.2091  1028.9381     2.2504    345.818 18712800.0    1463.88   3.053669      15595  0.000e+00
    342.099     2.2652    34.2072  1028.9370     2.2458    345.799 18714000.0    1463.86   3.053121      15596  0.000e+00
    342.107     2.2652    34.2074  1028.9372     2.2457    345.806 18715200.0    1463.86   3.053132      15597  0.000e+00
    342.115     2.2669    34.2084  1028.9379     2.2475    345.815 18716400.0    1463.87   3.053361      15598  0.000e+00
    342.133     2.2722    34.2097  1028.9385     2.2527    345.833 18717600.0    1463.89   3.053921      15599  0.000e+00
    342.173     2.2734    34.2105  1028.9392     2.2540    345.874 18718800.0    1463.90   3.054095      15600  0.000e+00
    342.204     2.2742    34.2109  1028.9397     2.2547    345.905 18720000.0    1463.90   3.054196      15601  0.000e+00
    342.260     2.2748    34.2109  1028.9398     2.2554    345.962 18721200.0    1463.91   3.054252      15602  0.000e+00
    342.304     2.2742    34.2107  1028.9399     2.2547    346.007 18722400.0    1463.91   3.054184      15603  0.000e+00
    342.352     2.2758    34.2111  1028.9403     2.2563    346.055 18723600.0    1463.91   3.054352      15604  0.000e+00
    342.408     2.2765    34.2115  1028.9409     2.2570    346.112 18724800.0    1463.92   3.054448      15605  0.000e+00
    342.458     2.2760    34.2115  1028.9412     2.2565    346.162 18726000.0    1463.92   3.054414      15606  0.000e+00
