data_sets/ocean/moorings/SBE37SMP-ODO-RS232_03715761_2018_06_12.cnv
* Sea-Bird SBE37SMP-ODO-RS232  Data File:
* FileName = C:\SeaBird_Data\Moorings_SBE37\Data\JIG_Jun_2018\Serial_15761\SBE37SMP-ODO-RS232_03715761_2018_06_12.hex
* Software version SeatermV2 2.6.3.104
* Temperature SN = 15761
* Conductivity SN = 15761
* System UpLoad Time = Jun 12 2018 21:39:03
* sample interval = 1200 seconds
* <ApplicationData>
# nquan = 7
# nvalues = 20433                                 
# units = specified
# name 0 = prdM: Pressure, Strain Gauge [db]
# name 1 = potemp090C: Potential Temperature [ITS-90, deg C]
# name 2 = sal00: Salinity, Practical [PSU]
# name 3 = sbeopoxML/L: Oxygen, SBE 63 [ml/l]
# name 4 = sigma-é00: Density [sigma-theta, kg/m^3]
# name 5 = timeJV2: Time, Instrument [julian days]
# name 6 = flag:  0.000e+00
# span 0 =  -1096.288,    530.861                 
# span 1 =   -43.9457,     7.5007                 
# span 2 =     0.0000,    34.4266                 
# span 3 =      5.353,     49.095                 
# span 4 =   -34.4787,    27.5971                 
# span 5 = -4.219e+03, 9144.94700                 
# span 6 = 0.0000e+00, 0.0000e+00                 
# interval = seconds: 1200
# start_time = Aug 28 2017 07:54:35 [Instrument's time stamp, first data scan]
# bad_flag = -9.990e-29
*END*
[from data line 13334]
    346.798     1.8440    34.1502      5.609    27.3028 425.525104  0.000e+00
    346.908     1.8451    34.1523      5.595    27.3044 425.539005  0.000e+00
    347.022     1.8351    34.1483      5.598    27.3020 425.552894  0.000e+00
    347.161     1.8310    34.1466      5.602    27.3009 425.566782  0.000e+00
    347.298     1.8303    34.1458      5.605    27.3003 425.580671  0.000e+00
    347.445     1.8284    34.1452      5.613    27.3000 425.594560  0.000e+00
    347.591     1.8334    34.1478      5.610    27.3017 425.608437  0.000e+00
    347.736     1.8389    34.1496      5.604    27.3027 425.622326  0.000e+00
    347.882     1.8618    34.1593      5.589    27.3087 425.636215  0.000e+00
    348.019     1.8604    34.1587      5.590    27.3084 425.650104  0.000e+00
    348.151     1.8575    34.1571      5.589    27.3073 425.663993  0.000e+00
    348.254     1.8602    34.1599      5.581    27.3093 425.677882  0.000e+00
    348.351     1.9147    34.1817      5.559    27.3227 425.691782  0.000e+00
    348.428     1.9259    34.1784      5.560    27.3192 425.705660  0.000e+00
    348.459     1.8969    34.1724      5.562    27.3165 425.719549  0.000e+00
    348.451     1.9076    34.1743      5.562    27.3172 425.733437  0.000e+00
    348.415     1.9161    34.1770      5.562    27.3188 425.747326  0.000e+00
    348.335     1.9235    34.1787      5.564    27.3195 425.761215  0.000e+00
    348.224     1.9276    34.1796      5.563    27.3200 425.775104  0.000e+00
    348.102     1.9199    34.1776      5.565    27.3190 425.788993  0.000e+00
    347.962     1.9229    34.1778      5.564    27.3189 425.802882  0.000e+00
    347.787     1.9170    34.1766      5.567    27.3183 425.816771  0.000e+00
    347.623     1.9183    34.1768      5.565    27.3184 425.830660  0.000e+00
    347.449     1.9374    34.1766      5.567    27.3168 425.844549  0.000e+00
    347.293     1.9093    34.1752      5.568    27.3179 425.858437  0.000e+00
    347.132     1.9192    34.1772      5.560    27.3187 425.872326  0.000e+00
    346.980     1.9011    34.1730      5.565    27.3167 425.886215  0.000e+00
    346.841     1.8989    34.1724      5.565    27.3164 425.900104  0.000e+00
    346.724     1.8961    34.1711      5.568    27.3156 425.913993  0.000e+00
    346.618     1.8903    34.1692      5.573    27.3145 425.927882  0.000e+00
    346.538     1.8801    34.1653      5.578    27.3121 425.941771  0.000e+00
    346.483     1.8938    34.1701      5.572    27.3149 425.955660  0.000e+00
    346.461     1.8928    34.1696      5.576    27.3146 425.969549  0.000e+00
    346.486     1.8971    34.1706      5.576    27.3151 425.983437  0.000e+00
    346.533     1.9065    34.1738      5.573    27.3170 425.997326  0.000e+00
    346.632     1.9149    34.1761      5.571    27.3182 426.011215  0.000e+00
    346.761     1.9167    34.1760      5.575    27.3179 426.025104  0.000e+00
    346.904     1.9553    34.1824      5.580    27.3201 426.038993  0.000e+00
    347.085     1.9651    34.1854      5.577    27.3217 426.052882  0.000e+00
    347.292     1.9581    34.1810      5.582    27.3188 426.066771  0.000e+00
    347.496     1.9268    34.1797      5.552    27.3201 426.080660  0.000e+00
    347.701     1.9295    34.1812      5.533    27.3211 426.094549  0.000e+00
    347.915     1.9325    34.1823      5.525    27.3218 426.108437  0.000e+00
    348.129     1.9771    34.1871      5.565    27.3222 426.122326  0.000e+00
    348.342     1.9772    34.1870      5.580    27.3221 426.136204  0.000e+00
    348.529     1.9506    34.1859      5.555    27.3232 426.150104  0.000e+00
    348.701     1.9731    34.1868      5.562    27.3222 426.163993  0.000e+00
    348.870     1.9527    34.1860      5.558    27.3231 426.177882  0.000e+00
    348.980     1.9552    34.1857      5.560    27.3228 426.191771  0.000e+00
    349.072     1.9484    34.1843      5.559    27.3221 426.205660  0.000e+00
    349.117     1.9393    34.1817      5.560    27.3207 426.219549  0.000e+00
    349.136     1.9226    34.1765      5.571    27.3179 426.233437  0.000e+00
    349.100     1.9182    34.1777      5.561    27.3191 426.247326  0.000e+00
    349.037     1.9292    34.1803      5.561    27.3204 426.261215  0.000e+00
    348.940     1.9179    34.1775      5.559    27.3190 426.275104  0.000e+00
    348.809     1.9131    34.1765      5.569    27.3186 426.288993  0.000e+00
    348.662     1.9087    34.1727      5.571    27.3159 426.302882  0.000e+00
    348.510     1.9039    34.1720      5.576    27.3157 426.316771  0.000e+00
    348.334     1.9060    34.1722      5.580    27.3157 426.330660  0.000e+00
    348.138     1.9070    34.1733      5.576    27.3165 426.344549  0.000e+00
    347.954     1.9058    34.1727      5.578    27.3161 426.358437  0.000e+00
    347.763     1.9051    34.1720      5.582    27.3156 426.372326  0.000e+00
    347.562     1.9040    34.1712      5.580    27.3151 426.386215  0.000e+00
    347.378     1.8994    34.1698      5.591    27.3143 426.400104  0.000e+00
    347.194     1.8965    34.1680      5.588    27.3131 426.413993  0.000e+00
    347.006     1.8992    34.1697      5.583    27.3142 426.427882  0.000e+00
    346.847     1.8892    34.1654      5.591    27.3116 426.441771  0.000e+00
    346.716     1.8527    34.1569      5.596    27.3075 426.455671  0.000e+00
    346.603     1.8511    34.1589      5.584    27.3092 426.469560  0.000e+00
    346.534     1.8463    34.1556      5.591    27.3070 426.483449  0.000e+00
    346.500     1.8535    34.1556      5.593    27.3064 426.497338  0.000e+00
    346.500     1.8757    34.1641      5.582    27.3115 426.511215  0.000e+00
    346.544     1.8814    34.1664      5.577    27.3130 426.525104  0.000e+00
    346.616     1.9011    34.1703      5.577    27.3145 426.538993  0.000e+00
    346.716     1.8928    34.1664      5.582    27.3121 426.552882  0.000e+00
    346.843     1.8911    34.1670      5.591    27.3127 426.566771  0.000e+00
    346.990     1.9258    34.1730      5.595    27.3148 426.580660  0.000e+00
    347.135     1.8512    34.1578      5.589    27.3083 426.594549  0.000e+00
    347.292     1.8408    34.1545      5.585    27.3065 426.608449  0.000e+00
    347.446     1.9312    34.1768      5.585    27.3175 426.622338  0.000e+00
    347.615     1.9283    34.1755      5.581    27.3166 426.636215  0.000e+00
    347.770     1.9377    34.1812      5.561    27.3205 426.650104  0.000e+00
    347.914     1.9570    34.1859      5.547    27.3228 426.663993  0.000e+00
    348.065     1.9548    34.1859      5.544    27.3229 426.677882  0.000e+00
    348.195     1.9567    34.1866      5.540    27.3234 426.691771  0.000e+00
    348.317     1.9594    34.1871      5.548    27.3235 426.705660  0.000e+00
    348.412     1.9453    34.1818      5.564    27.3203 426.719549  0.000e+00
    348.474     1.9426    34.1819      5.567    27.3206 426.733437  0.000e+00
    348.504     1.9348    34.1769      5.572    27.3172 426.747326  0.000e+00
    348.512     1.9258    34.1765      5.572    27.3176 426.761215  0.000e+00
    348.468     1.9207    34.1760      5.571    27.3176 426.775104  0.000e+00
    348.393     1.9207    34.1763      5.574    27.3178 426.788993  0.000e+00
    348.276     1.9298    34.1781      5.569    27.3186 426.802882  0.000e+00
    348.139     1.9301    34.1781      5.563    27.3186 426.816771  0.000e+00
    347.995     1.9398    34.1813      5.565    27.3204 426.830660  0.000e+00
    347.815     1.9348    34.1799      5.571    27.3196 426.844549  0.000e+00
    347.640     1.9280    34.1788      5.563    27.3193 426.858437  0.000e+00
    347.462     1.9183    34.1767      5.566    27.3183 426.872326  0.000e+00
    347.277     1.9212    34.1774      5.560    27.3187 426.886215  0.000e+00
    347.119     1.9196    34.1769      5.559    27.3184 426.900104  0.000e+00
    346.958     1.9172    34.1762      5.561    27.3180 426.913993  0.000e+00
    346.818     1.9092    34.1736      5.564    27.3166 426.927882  0.000e+00
    346.696     1.9031    34.1716      5.567    27.3154 426.941771  0.000e+00
    346.591     1.8950    34.1698      5.570    27.3146 426.955660  0.000e+00
    346.505     1.8953    34.1695      5.577    27.3144 426.969549  0.000e+00
    346.449     1.8924    34.1687      5.579    27.3139 426.983437  0.000e+00
    346.425     1.8930    34.1688      5.575    27.3140 426.997326  0.000e+00
    346.433     1.8921    34.1687      5.575    27.3139 427.011215  0.000e+00
    346.489     1.8896    34.1676      5.576    27.3133 427.025104  0.000e+00
    346.577     1.8958    34.1693      5.581    27.3141 427.038993  0.000e+00
    346.688     1.8977    34.1699      5.577    27.3145 427.052882  0.000e+00
    346.843     1.9032    34.1700      5.576    27.3142 427.066771  0.000e+00
    347.013     1.8709    34.1624      5.585    27.3105 427.080660  0.000e+00
    347.205     1.9075    34.1714      5.580    27.3149 427.094560  0.000e+00
    347.415     1.9186    34.1752      5.570    27.3172 427.108437  0.000e+00
    347.630     1.9200    34.1771      5.567    27.3186 427.122326  0.000e+00
    347.837     1.9152    34.1756      5.564    27.3177 427.136215  0.000e+00
    348.051     1.9191    34.1766      5.559    27.3182 427.150104  0.000e+00
    348.248     1.9239    34.1782      5.560    27.3192 427.163993  0.000e+00
    348.449     1.9256    34.1778      5.564    27.3187 427.177882  0.000e+00
    348.611     1.9249    34.1766      5.571    27.3178 427.191771  0.000e+00
    348.753     1.9355    34.1805      5.563    27.3201 427.205660  0.000e+00
    348.875     1.9374    34.1817      5.551    27.3209 427.219549  0.000e+00
    348.962     1.9339    34.1798      5.559    27.3196 427.233437  0.000e+00
    349.009     1.9253    34.1789      5.553    27.3196 427.247326  0.000e+00
    349.028     1.9264    34.1790      5.559    27.3196 427.261215  0.000e+00
    348.990     1.9215    34.1766      5.567    27.3181 427.275104  0.000e+00
    348.928     1.9258    34.1768      5.570    27.3179 427.288993  0.000e+00
    348.821     1.9242    34.1779      5.569    27.3189 427.302882  0.000e+00
    348.693     1.9250    34.1776      5.567    27.3185 427.316771  0.000e+00
    348.534     1.9240    34.1772      5.571    27.3183 427.330660  0.000e+00
    348.359     1.9171    34.1754      5.575    27.3174 427.344549  0.000e+00
    348.171     1.9208    34.1725      5.589    27.3148 427.358437  0.000e+00
    347.974     1.9236    34.1725      5.594    27.3146 427.372326  0.000e+00
    347.777     1.9154    34.1723      5.591    27.3150 427.386215  0.000e+00
    347.577     1.9135    34.1706      5.601    27.3138 427.400104  0.000e+00
    347.380     1.9082    34.1686      5.596    27.3126 427.413993  0.000e+00
    347.202     1.8774    34.1593      5.602    27.3076 427.427882  0.000e+00
    347.018     1.8819    34.1592      5.604    27.3071 427.441771  0.000e+00
    346.847     1.8618    34.1547      5.604    27.3051 427.455660  0.000e+00
    346.713     1.8541    34.1526      5.605    27.3039 427.469549  0.000e+00
    346.586     1.8478    34.1504      5.604    27.3027 427.483437  0.000e+00
    346.495     1.8467    34.1505      5.607    27.3028 427.497326  0.000e+00
    346.428     1.8428    34.1496      5.603    27.3024 427.511215  0.000e+00
    346.419     1.8424    34.1497      5.606    27.3025 427.525104  0.000e+00
    346.425     1.8519    34.1514      5.605    27.3031 427.539005  0.000e+00
    346.478     1.8507    34.1515      5.610    27.3033 427.552894  0.000e+00
    346.559     1.8378    34.1490      5.610    27.3023 427.566782  0.000e+00
    346.659     1.8443    34.1530      5.608    27.3050 427.580671  0.000e+00
    346.794     1.8638    34.1563      5.600    27.3062 427.594549  0.000e+00
    346.935     1.8625    34.1558      5.596    27.3058 427.608437  0.000e+00
    347.086     1.8573    34.1537      5.597    27.3046 427.622326  0.000e+00
    347.250     1.8607    34.1555      5.599    27.3058 427.636215  0.000e+00
    347.419     1.8723    34.1585      5.596    27.3073 427.650104  0.000e+00
    347.580     1.8792    34.1612      5.591    27.3089 427.663993  0.000e+00
    347.755     1.8830    34.1631      5.582    27.3102 427.677882  0.000e+00
    347.913     1.8800    34.1622      5.582    27.3096 427.691782  0.000e+00
    348.056     1.8908    34.1658      5.582    27.3117 427.705671  0.000e+00
    348.201     1.8987    34.1690      5.574    27.3137 427.719549  0.000e+00
    348.318     1.9256    34.1777      5.561    27.3186 427.733437  0.000e+00
    348.406     1.9108    34.1744      5.564    27.3171 427.747326  0.000e+00
    348.484     1.9302    34.1787      5.563    27.3191 427.761215  0.000e+00
    348.512     1.9252    34.1772      5.570    27.3182 427.775104  0.000e+00
    348.506     1.9325    34.1783      5.564    27.3185 427.788993  0.000e+00
    348.453     1.9417    34.1808      5.559    27.3198 427.802882  0.000e+00
    348.381     1.9220    34.1770      5.564    27.3183 427.816771  0.000e+00
    348.278     1.9208    34.1771      5.561    27.3185 427.830660  0.000e+00
    348.138     1.9221    34.1779      5.559    27.3190 427.844549  0.000e+00
    347.987     1.9250    34.1774      5.560    27.3184 427.858437  0.000e+00
    347.834     1.9320    34.1752      5.567    27.3161 427.872326  0.000e+00
    347.664     1.9491    34.1783      5.576    27.3173 427.886215  0.000e+00
    347.492     1.9578    34.1802      5.594    27.3181 427.900104  0.000e+00
    347.332     1.9469    34.1778      5.590    27.3170 427.913993  0.000e+00
    347.170     1.9559    34.1787      5.595    27.3171 427.927882  0.000e+00
    347.035     1.9512    34.1766      5.598    27.3157 427.941771  0.000e+00
    346.895     1.9346    34.1754      5.596    27.3161 427.955660  0.000e+00
    346.771     1.9182    34.1724      5.590    27.3149 427.969549  0.000e+00
    346.666     1.9089    34.1711      5.584    27.3146 427.983437  0.000e+00
    346.591     1.8985    34.1691      5.583    27.3138 427.997326  0.000e+00
    346.534     1.8762    34.1615      5.588    27.3094 428.011215  0.000e+00
    346.500     1.8771    34.1588      5.604    27.3072 428.025116  0.000e+00
    346.508     1.8835    34.1610      5.600    27.3085 428.038993  0.000e+00
    346.550     1.8840    34.1613      5.598    27.3086 428.052882  0.000e+00
    346.619     1.8714    34.1564      5.605    27.3057 428.066771  0.000e+00
    346.728     1.8863    34.1622      5.596    27.3092 428.080660  0.000e+00
    346.855     1.8721    34.1578      5.600    27.3067 428.094549  0.000e+00
    347.027     1.8673    34.1556      5.609    27.3053 428.108437  0.000e+00
    347.213     1.8862    34.1631      5.601    27.3099 428.122326  0.000e+00
    347.408     1.9158    34.1754      5.568    27.3175 428.136215  0.000e+00
    347.616     1.8996    34.1691      5.571    27.3137 428.150104  0.000e+00
    347.810     1.8978    34.1695      5.572    27.3141 428.163993  0.000e+00
    348.015     1.8971    34.1700      5.577    27.3146 428.177882  0.000e+00
    348.199     1.9105    34.1745      5.569    27.3172 428.191771  0.000e+00
    348.374     1.9108    34.1736      5.567    27.3165 428.205660  0.000e+00
    348.531     1.9143    34.1747      5.568    27.3171 428.219549  0.000e+00
    348.670     1.9088    34.1734      5.570    27.3164 428.233437  0.000e+00
    348.775     1.9043    34.1712      5.574    27.3151 428.247326  0.000e+00
    348.834     1.9126    34.1742      5.570    27.3168 428.261215  0.000e+00
    348.881     1.9182    34.1755      5.566    27.3174 428.275104  0.000e+00
    348.890     1.9367    34.1786      5.575    27.3185 428.288993  0.000e+00
    348.859     1.9471    34.1790      5.582    27.3180 428.302882  0.000e+00
    348.783     1.9446    34.1772      5.583    27.3167 428.316771  0.000e+00
    348.686     1.9380    34.1784      5.573    27.3182 428.330660  0.000e+00
    348.556     1.9185    34.1749      5.568    27.3169 428.344549  0.000e+00
