data_sets/ocean/moorings/SBE37SMP-ODO-RS232_03715761_2018_06_12.cnv
* Sea-Bird SBE37SMP-ODO-RS232  Data File:
* FileName = C:\SeaBird_Data\Moorings_SBE37\Data\JIG_Jun_2018\Serial_15761\SBE37SMP-ODO-RS232_03715761_2018_06_12.hex
* Software version SeatermV2 2.6.3.104
* Temperature SN = 15761
* Conductivity SN = 15761
* System UpLoad Time = Jun 12 2018 21:39:03
* sample interval = 1200 seconds
* <ApplicationData>
# nquan = 7
# nvalues = 20433                                 
# units = specified
# name 0 = prdM: Pressure, Strain Gauge [db]
# name 1 = potemp090C: Potential Temperature [ITS-90, deg C]
# name 2 = sal00: Salinity, Practical [PSU]
# name 3 = sbeopoxML/L: Oxygen, SBE 63 [ml/l]
# name 4 = sigma-é00: Density [sigma-theta, kg/m^3]
# name 5 = timeJV2: Time, Instrument [julian days]
# name 6 = flag:  0.000e+00
# span 0 =  -1096.288,    530.861                 
# span 1 =   -43.9457,     7.5007                 
# span 2 =     0.0000,    34.4266                 
# span 3 =      5.353,     49.095                 
# span 4 =   -34.4787,    27.5971                 
# span 5 = -4.219e+03, 9144.94700                 
# span 6 = 0.0000e+00, 0.0000e+00                 
# interval = seconds: 1200
# start_time = Aug 28 2017 07:54:35 [Instrument's time stamp, first data scan]
# bad_flag = -9.990e-29
*END*
[from data line 11283]
    346.524     1.7875    34.1424      5.651    27.3008 397.038993  0.000e+00
    346.681     1.7877    34.1424      5.654    27.3007 397.052894  0.000e+00
    346.883     1.7823    34.1392      5.652    27.2986 397.066782  0.000e+00
    347.095     1.7856    34.1407      5.653    27.2996 397.080671  0.000e+00
    347.328     1.7872    34.1419      5.652    27.3004 397.094560  0.000e+00
    347.584     1.7882    34.1425      5.651    27.3008 397.108449  0.000e+00
    347.817     1.7914    34.1447      5.644    27.3023 397.122338  0.000e+00
    348.059     1.7927    34.1468      5.645    27.3039 397.136227  0.000e+00
    348.289     1.7973    34.1480      5.646    27.3046 397.150104  0.000e+00
    348.500     1.7935    34.1461      5.644    27.3033 397.163993  0.000e+00
    348.678     1.7882    34.1442      5.651    27.3022 397.177882  0.000e+00
    348.828     1.7870    34.1435      5.651    27.3017 397.191771  0.000e+00
    348.935     1.7860    34.1426      5.653    27.3011 397.205671  0.000e+00
    349.022     1.7765    34.1396      5.661    27.2994 397.219560  0.000e+00
    349.066     1.7794    34.1407      5.665    27.3000 397.233449  0.000e+00
    349.052     1.7831    34.1416      5.658    27.3005 397.247338  0.000e+00
    349.038     1.7767    34.1396      5.667    27.2994 397.261227  0.000e+00
    348.977     1.7775    34.1401      5.663    27.2997 397.275116  0.000e+00
    348.897     1.7753    34.1395      5.666    27.2994 397.289005  0.000e+00
    348.789     1.7712    34.1365      5.672    27.2973 397.302894  0.000e+00
    348.660     1.7702    34.1353      5.673    27.2964 397.316771  0.000e+00
    348.503     1.7677    34.1336      5.673    27.2952 397.330660  0.000e+00
    348.353     1.7589    34.1353      5.681    27.2972 397.344549  0.000e+00
    348.170     1.7548    34.1320      5.685    27.2949 397.358449  0.000e+00
    347.969     1.7492    34.1274      5.688    27.2916 397.372338  0.000e+00
    347.782     1.7542    34.1274      5.692    27.2912 397.386227  0.000e+00
    347.579     1.7525    34.1280      5.689    27.2918 397.400116  0.000e+00
    347.369     1.7518    34.1260      5.695    27.2903 397.414005  0.000e+00
    347.182     1.7575    34.1298      5.687    27.2929 397.427894  0.000e+00
    347.003     1.7585    34.1282      5.680    27.2916 397.441782  0.000e+00
    346.831     1.7521    34.1252      5.689    27.2896 397.455671  0.000e+00
    346.698     1.7493    34.1238      5.702    27.2887 397.469549  0.000e+00
    346.591     1.7455    34.1219      5.701    27.2875 397.483437  0.000e+00
    346.520     1.7506    34.1251      5.698    27.2897 397.497326  0.000e+00
    346.481     1.7459    34.1234      5.697    27.2887 397.511227  0.000e+00
    346.488     1.7485    34.1246      5.696    27.2894 397.525116  0.000e+00
    346.515     1.7389    34.1187      5.710    27.2854 397.539005  0.000e+00
    346.578     1.7390    34.1229      5.706    27.2888 397.552894  0.000e+00
    346.676     1.7326    34.1184      5.709    27.2856 397.566782  0.000e+00
    346.785     1.7249    34.1183      5.715    27.2861 397.580671  0.000e+00
    346.904     1.7243    34.1159      5.717    27.2843 397.594560  0.000e+00
    347.029     1.7266    34.1170      5.717    27.2850 397.608449  0.000e+00
    347.164     1.7401    34.1219      5.707    27.2879 397.622338  0.000e+00
    347.319     1.7376    34.1214      5.711    27.2877 397.636215  0.000e+00
    347.451     1.7219    34.1168      5.720    27.2851 397.650104  0.000e+00
    347.598     1.7299    34.1176      5.718    27.2852 397.664005  0.000e+00
    347.731     1.7330    34.1195      5.712    27.2865 397.677894  0.000e+00
    347.859     1.7435    34.1243      5.701    27.2896 397.691782  0.000e+00
    347.992     1.7455    34.1246      5.698    27.2897 397.705671  0.000e+00
    348.088     1.7705    34.1365      5.674    27.2973 397.719560  0.000e+00
    348.163     1.7483    34.1265      5.690    27.2910 397.733449  0.000e+00
    348.226     1.7483    34.1276      5.691    27.2919 397.747338  0.000e+00
    348.248     1.7478    34.1277      5.694    27.2920 397.761227  0.000e+00
    348.231     1.7567    34.1310      5.684    27.2940 397.775116  0.000e+00
    348.181     1.7558    34.1307      5.687    27.2938 397.788993  0.000e+00
    348.084     1.7625    34.1331      5.681    27.2952 397.802882  0.000e+00
    347.975     1.7649    34.1330      5.681    27.2950 397.816782  0.000e+00
    347.831     1.7666    34.1332      5.675    27.2950 397.830671  0.000e+00
    347.675     1.7689    34.1337      5.671    27.2953 397.844560  0.000e+00
    347.503     1.7703    34.1342      5.670    27.2955 397.858449  0.000e+00
    347.326     1.7686    34.1337      5.668    27.2952 397.872338  0.000e+00
    347.150     1.7685    34.1328      5.671    27.2945 397.886227  0.000e+00
    346.987     1.7704    34.1338      5.671    27.2951 397.900116  0.000e+00
    346.812     1.7697    34.1339      5.672    27.2953 397.914005  0.000e+00
    346.662     1.7678    34.1333      5.673    27.2950 397.927882  0.000e+00
    346.535     1.7659    34.1341      5.674    27.2957 397.941771  0.000e+00
    346.415     1.7636    34.1335      5.677    27.2954 397.955660  0.000e+00
    346.324     1.7587    34.1319      5.681    27.2945 397.969560  0.000e+00
    346.256     1.7544    34.1311      5.686    27.2942 397.983449  0.000e+00
    346.209     1.7496    34.1277      5.691    27.2918 397.997338  0.000e+00
    346.212     1.7481    34.1279      5.689    27.2921 398.011227  0.000e+00
    346.232     1.7475    34.1280      5.690    27.2922 398.025116  0.000e+00
    346.296     1.7475    34.1277      5.696    27.2920 398.039005  0.000e+00
    346.401     1.7489    34.1281      5.691    27.2922 398.052894  0.000e+00
    346.526     1.7484    34.1285      5.694    27.2925 398.066782  0.000e+00
    346.688     1.7499    34.1287      5.690    27.2926 398.080671  0.000e+00
    346.875     1.7496    34.1289      5.689    27.2928 398.094549  0.000e+00
    347.073     1.7498    34.1292      5.693    27.2930 398.108437  0.000e+00
    347.289     1.7520    34.1302      5.685    27.2936 398.122338  0.000e+00
    347.503     1.7543    34.1325      5.687    27.2953 398.136227  0.000e+00
    347.737     1.7557    34.1314      5.683    27.2944 398.150116  0.000e+00
    347.956     1.7648    34.1331      5.681    27.2950 398.164005  0.000e+00
    348.175     1.7692    34.1335      5.669    27.2950 398.177894  0.000e+00
    348.378     1.7751    34.1351      5.664    27.2958 398.191782  0.000e+00
    348.552     1.7751    34.1358      5.664    27.2964 398.205671  0.000e+00
    348.712     1.7781    34.1375      5.658    27.2976 398.219560  0.000e+00
    348.847     1.7785    34.1383      5.655    27.2982 398.233437  0.000e+00
    348.950     1.7802    34.1381      5.654    27.2979 398.247326  0.000e+00
    349.007     1.7796    34.1385      5.651    27.2983 398.261215  0.000e+00
    349.024     1.7769    34.1370      5.656    27.2973 398.275116  0.000e+00
    349.004     1.7742    34.1370      5.663    27.2974 398.289005  0.000e+00
    348.960     1.7743    34.1372      5.664    27.2976 398.302894  0.000e+00
    348.875     1.7769    34.1378      5.663    27.2979 398.316782  0.000e+00
    348.744     1.7767    34.1373      5.665    27.2975 398.330671  0.000e+00
    348.603     1.7789    34.1385      5.653    27.2983 398.344560  0.000e+00
    348.435     1.7771    34.1386      5.655    27.2985 398.358449  0.000e+00
    348.259     1.7754    34.1365      5.662    27.2969 398.372338  0.000e+00
    348.078     1.7718    34.1352      5.665    27.2962 398.386215  0.000e+00
    347.881     1.7617    34.1303      5.675    27.2930 398.400104  0.000e+00
    347.697     1.7443    34.1218      5.698    27.2875 398.413993  0.000e+00
    347.514     1.7490    34.1244      5.698    27.2892 398.427894  0.000e+00
    347.312     1.7538    34.1259      5.699    27.2901 398.441782  0.000e+00
    347.129     1.7548    34.1259      5.694    27.2900 398.455671  0.000e+00
    346.953     1.7504    34.1254      5.697    27.2899 398.469560  0.000e+00
    346.798     1.7564    34.1267      5.695    27.2906 398.483449  0.000e+00
    346.653     1.7597    34.1284      5.680    27.2917 398.497338  0.000e+00
    346.543     1.7637    34.1304      5.678    27.2929 398.511227  0.000e+00
    346.446     1.7601    34.1288      5.680    27.2920 398.525116  0.000e+00
    346.407     1.7538    34.1263      5.689    27.2904 398.538993  0.000e+00
    346.385     1.7519    34.1263      5.689    27.2906 398.552882  0.000e+00
    346.418     1.7477    34.1259      5.695    27.2905 398.566771  0.000e+00
    346.478     1.7491    34.1264      5.691    27.2909 398.580671  0.000e+00
    346.568     1.7498    34.1273      5.688    27.2915 398.594560  0.000e+00
    346.687     1.7448    34.1225      5.693    27.2880 398.608449  0.000e+00
    346.813     1.7499    34.1265      5.698    27.2909 398.622338  0.000e+00
    346.948     1.7408    34.1202      5.708    27.2865 398.636227  0.000e+00
    347.098     1.7414    34.1202      5.709    27.2864 398.650116  0.000e+00
    347.253     1.7440    34.1224      5.701    27.2880 398.664005  0.000e+00
    347.406     1.7467    34.1240      5.697    27.2891 398.677894  0.000e+00
    347.559     1.7614    34.1308      5.677    27.2935 398.691782  0.000e+00
    347.707     1.7562    34.1288      5.681    27.2922 398.705660  0.000e+00
    347.836     1.7525    34.1276      5.684    27.2916 398.719549  0.000e+00
    347.959     1.7651    34.1320      5.672    27.2941 398.733449  0.000e+00
    348.059     1.7697    34.1335      5.670    27.2950 398.747338  0.000e+00
    348.141     1.7752    34.1361      5.660    27.2966 398.761227  0.000e+00
    348.197     1.7756    34.1375      5.669    27.2978 398.775116  0.000e+00
    348.213     1.7761    34.1385      5.656    27.2985 398.789005  0.000e+00
    348.213     1.7736    34.1376      5.658    27.2980 398.802894  0.000e+00
    348.169     1.7715    34.1369      5.667    27.2976 398.816782  0.000e+00
    348.091     1.7701    34.1358      5.670    27.2968 398.830671  0.000e+00
    347.991     1.7678    34.1356      5.668    27.2968 398.844549  0.000e+00
    347.847     1.7685    34.1348      5.671    27.2962 398.858437  0.000e+00
    347.716     1.7709    34.1347      5.674    27.2959 398.872326  0.000e+00
    347.558     1.7709    34.1348      5.674    27.2960 398.886227  0.000e+00
    347.412     1.7720    34.1350      5.668    27.2960 398.900116  0.000e+00
    347.258     1.7728    34.1353      5.666    27.2962 398.914005  0.000e+00
    347.112     1.7730    34.1357      5.667    27.2965 398.927894  0.000e+00
    346.972     1.7739    34.1356      5.668    27.2964 398.941782  0.000e+00
    346.837     1.7750    34.1360      5.665    27.2966 398.955671  0.000e+00
    346.717     1.7730    34.1356      5.662    27.2964 398.969560  0.000e+00
    346.600     1.7742    34.1355      5.666    27.2963 398.983449  0.000e+00
    346.503     1.7747    34.1358      5.666    27.2964 398.997326  0.000e+00
    346.420     1.7742    34.1355      5.664    27.2962 399.011215  0.000e+00
    346.378     1.7730    34.1354      5.665    27.2963 399.025104  0.000e+00
    346.356     1.7727    34.1357      5.664    27.2965 399.039005  0.000e+00
    346.374     1.7722    34.1355      5.665    27.2964 399.052894  0.000e+00
    346.421     1.7722    34.1354      5.666    27.2963 399.066782  0.000e+00
    346.515     1.7722    34.1353      5.665    27.2963 399.080671  0.000e+00
    346.633     1.7725    34.1354      5.663    27.2963 399.094560  0.000e+00
    346.790     1.7734    34.1356      5.663    27.2964 399.108449  0.000e+00
    346.975     1.7744    34.1358      5.659    27.2965 399.122338  0.000e+00
    347.167     1.7755    34.1360      5.663    27.2966 399.136227  0.000e+00
    347.373     1.7742    34.1359      5.664    27.2966 399.150104  0.000e+00
    347.587     1.7737    34.1363      5.663    27.2970 399.163993  0.000e+00
    347.816     1.7746    34.1370      5.661    27.2975 399.177882  0.000e+00
    348.019     1.7760    34.1380      5.657    27.2982 399.191782  0.000e+00
    348.219     1.7801    34.1413      5.651    27.3004 399.205671  0.000e+00
    348.397     1.7787    34.1424      5.651    27.3014 399.219560  0.000e+00
    348.560     1.7886    34.1452      5.644    27.3030 399.233449  0.000e+00
    348.699     1.7867    34.1439      5.647    27.3020 399.247338  0.000e+00
    348.825     1.7860    34.1437      5.644    27.3020 399.261227  0.000e+00
    348.902     1.7855    34.1444      5.644    27.3025 399.275116  0.000e+00
    348.968     1.7853    34.1442      5.643    27.3024 399.288993  0.000e+00
    348.997     1.7887    34.1450      5.641    27.3028 399.302882  0.000e+00
    348.971     1.7861    34.1448      5.640    27.3029 399.316771  0.000e+00
    348.922     1.7728    34.1436      5.650    27.3028 399.330660  0.000e+00
    348.844     1.7685    34.1416      5.658    27.3016 399.344560  0.000e+00
    348.719     1.7679    34.1395      5.662    27.2999 399.358449  0.000e+00
    348.578     1.7738    34.1420      5.658    27.3015 399.372338  0.000e+00
    348.424     1.7490    34.1365      5.668    27.2990 399.386227  0.000e+00
    348.238     1.7439    34.1336      5.677    27.2970 399.400116  0.000e+00
    348.050     1.7789    34.1438      5.654    27.3025 399.414005  0.000e+00
    347.864     1.7705    34.1392      5.655    27.2995 399.427894  0.000e+00
    347.662     1.7667    34.1384      5.658    27.2992 399.441782  0.000e+00
    347.460     1.7629    34.1379      5.662    27.2991 399.455660  0.000e+00
    347.270     1.7514    34.1349      5.666    27.2975 399.469549  0.000e+00
    347.081     1.7440    34.1338      5.678    27.2971 399.483437  0.000e+00
    346.906     1.7394    34.1332      5.685    27.2971 399.497338  0.000e+00
    346.756     1.7376    34.1288      5.689    27.2936 399.511227  0.000e+00
    346.610     1.7344    34.1283      5.692    27.2934 399.525116  0.000e+00
    346.496     1.7499    34.1297      5.688    27.2934 399.539005  0.000e+00
    346.415     1.7606    34.1319      5.677    27.2944 399.552894  0.000e+00
    346.368     1.7584    34.1290      5.683    27.2922 399.566782  0.000e+00
    346.356     1.7532    34.1261      5.693    27.2903 399.580671  0.000e+00
    346.368     1.7501    34.1254      5.699    27.2900 399.594560  0.000e+00
    346.424     1.7536    34.1271      5.696    27.2911 399.608449  0.000e+00
    346.506     1.7541    34.1275      5.696    27.2914 399.622326  0.000e+00
    346.600     1.7571    34.1286      5.689    27.2920 399.636215  0.000e+00
    346.737     1.7599    34.1297      5.686    27.2927 399.650116  0.000e+00
    346.862     1.7633    34.1309      5.682    27.2934 399.664005  0.000e+00
    347.025     1.7647    34.1317      5.676    27.2939 399.677894  0.000e+00
    347.168     1.7606    34.1324      5.677    27.2948 399.691782  0.000e+00
    347.328     1.7470    34.1312      5.679    27.2949 399.705671  0.000e+00
    347.472     1.7592    34.1364      5.670    27.2981 399.719560  0.000e+00
    347.611     1.7644    34.1386      5.665    27.2995 399.733449  0.000e+00
    347.744     1.7664    34.1398      5.659    27.3003 399.747338  0.000e+00
    347.875     1.7802    34.1443      5.648    27.3029 399.761215  0.000e+00
    347.975     1.7775    34.1436      5.648    27.3025 399.775104  0.000e+00
    348.053     1.7769    34.1429      5.653    27.3020 399.788993  0.000e+00
    348.109     1.7718    34.1400      5.659    27.3000 399.802894  0.000e+00
    348.131     1.7694    34.1394      5.663    27.2998 399.816782  0.000e+00
    348.125     1.7704    34.1379      5.663    27.2984 399.830671  0.000e+00
    348.103     1.7702    34.1371      5.664    27.2979 399.844560  0.000e+00
    348.044     1.7694    34.1359      5.667    27.2969 399.858449  0.000e+00
