data_sets/ocean/moorings/sbe37smp-odo-rs232_03715761_2019_10_06.cnv
* Sea-Bird SBE37SMP-ODO-RS232  Data File:
* FileName = C:\SeaBird_Data\Moorings_SBE37\Data\JIG_Oct_2019\Serial_15761\SBE37SMP-ODO-RS232_03715761_2019_10_06.hex
* Software version SeatermV2 2.6.3.104
* Temperature SN = 15761
* Conductivity SN = 15761
* System UpLoad Time = Oct 06 2019 19:21:52
* sample interval = 1200 seconds
* <ApplicationData>
# nquan = 11
# nvalues = 25376                                 
# units = specified
# name 0 = depSM: Depth [salt water, m], lat = 66.00
# name 1 = tv290C: Temperature [ITS-90, deg C]
# name 2 = sal00: Salinity, Practical [PSU]
# name 3 = density00: Density [density, kg/m^3]
# name 4 = potemp090C: Potential Temperature [ITS-90, deg C]
# name 5 = prdM: Pressure, Strain Gauge [db]
# name 6 = timeS: Time, Elapsed [seconds]
# name 7 = svCM: Sound Velocity [Chen-Millero, m/s]
# name 8 = cond0S/m: Conductivity [S/m]
# name 9 = scan: Scan Count
# name 10 = flag:  0.000e+00
# span 0 =  -4396.036,  19332.760                 
# span 1 =   -45.2767,    99.0000                 
# span 2 =     0.0000,  1999.0000                 
# span 3 =   940.6991,  4075.6022                 
# span 4 =   -46.3793,   103.4253                 
# span 5 =  -4391.019,  20363.806                 
# span 6 =      0.000, 30450000.0                 
# span 7 =      23.26,    9979.45                 
# span 8 = -99.000000, 110.958886                 
# span 9 =          1,      25376                 
# span 10 = 0.0000e+00, 0.0000e+00                
# interval = seconds: 1200
# start_time = Jun 12 2018 22:00:14 [Instrument's time stamp, first data scan]
# bad_flag = -9.990e-29
*END*
[from data line 14164]
    343.706     2.2924    34.2103  1028.9446     2.2728    347.425 16996800.0    1464.01   3.055792      14165  0.000e+00
    343.644     2.2925    34.2102  1028.9442     2.2728    347.362 16998000.0    1464.01   3.055786      14166  0.000e+00
    343.570     2.2927    34.2107  1028.9442     2.2731    347.287 16999200.0    1464.01   3.055837      14167  0.000e+00
    343.461     2.2940    34.2110  1028.9439     2.2743    347.176 17000400.0    1464.01   3.055971      14168  0.000e+00
    343.331     2.2888    34.2094  1028.9424     2.2692    347.045 17001600.0    1463.98   3.055389      14169  0.000e+00
    343.179     2.2928    34.2102  1028.9420     2.2732    346.892 17002800.0    1464.00   3.055792      14170  0.000e+00
    343.026     2.2819    34.2071  1028.9398     2.2624    346.737 17004000.0    1463.95   3.054593      14171  0.000e+00
    342.856     2.2903    34.2098  1028.9404     2.2707    346.565 17005200.0    1463.98   3.055523      14172  0.000e+00
    342.674     2.2979    34.2119  1028.9405     2.2783    346.380 17006400.0    1464.02   3.056346      14173  0.000e+00
    342.498     2.2909    34.2082  1028.9374     2.2714    346.202 17007600.0    1463.98   3.055439      14174  0.000e+00
    342.327     2.2814    34.2061  1028.9357     2.2619    346.029 17008800.0    1463.93   3.054442      14175  0.000e+00
    342.161     2.2834    34.2075  1028.9359     2.2639    345.861 17010000.0    1463.94   3.054716      14176  0.000e+00
    342.000     2.2806    34.2062  1028.9343     2.2611    345.699 17011200.0    1463.92   3.054363      14177  0.000e+00
    341.852     2.2824    34.2068  1028.9339     2.2629    345.549 17012400.0    1463.93   3.054554      14178  0.000e+00
    341.728     2.2811    34.2068  1028.9335     2.2617    345.424 17013600.0    1463.92   3.054442      14179  0.000e+00
    341.611     2.2818    34.2070  1028.9330     2.2624    345.305 17014800.0    1463.92   3.054515      14180  0.000e+00
    341.521     2.2863    34.2077  1028.9327     2.2668    345.214 17016000.0    1463.94   3.054951      14181  0.000e+00
    341.459     2.2880    34.2091  1028.9334     2.2685    345.152 17017200.0    1463.95   3.055209      14182  0.000e+00
    341.432     2.2852    34.2077  1028.9324     2.2657    345.124 17018400.0    1463.94   3.054850      14183  0.000e+00
    341.429     2.2850    34.2077  1028.9324     2.2655    345.121 17019600.0    1463.93   3.054834      14184  0.000e+00
    341.444     2.2837    34.2073  1028.9323     2.2642    345.136 17020800.0    1463.93   3.054688      14185  0.000e+00
    341.493     2.2847    34.2078  1028.9328     2.2652    345.186 17022000.0    1463.93   3.054817      14186  0.000e+00
    341.558     2.2861    34.2076  1028.9329     2.2666    345.252 17023200.0    1463.94   3.054929      14187  0.000e+00
    341.645     2.2861    34.2081  1028.9337     2.2666    345.339 17024400.0    1463.94   3.054974      14188  0.000e+00
    341.738     2.2822    34.2062  1028.9330     2.2628    345.433 17025600.0    1463.93   3.054492      14189  0.000e+00
    341.843     2.2865    34.2084  1028.9348     2.2670    345.539 17026800.0    1463.95   3.055041      14190  0.000e+00
    341.951     2.2939    34.2111  1028.9368     2.2743    345.649 17028000.0    1463.99   3.055903      14191  0.000e+00
    342.058     2.2941    34.2113  1028.9375     2.2746    345.757 17029200.0    1463.99   3.055943      14192  0.000e+00
    342.158     2.2900    34.2094  1028.9367     2.2705    345.858 17030400.0    1463.97   3.055439      14193  0.000e+00
    342.257     2.2913    34.2097  1028.9374     2.2717    345.958 17031600.0    1463.98   3.055579      14194  0.000e+00
    342.346     2.2897    34.2089  1028.9373     2.2701    346.049 17032800.0    1463.97   3.055377      14195  0.000e+00
    342.436     2.2897    34.2088  1028.9377     2.2702    346.140 17034000.0    1463.97   3.055383      14196  0.000e+00
    342.507     2.2914    34.2100  1028.9388     2.2719    346.212 17035200.0    1463.98   3.055624      14197  0.000e+00
    342.572     2.2905    34.2097  1028.9389     2.2710    346.277 17036400.0    1463.98   3.055528      14198  0.000e+00
    342.621     2.2897    34.2092  1028.9388     2.2702    346.327 17037600.0    1463.98   3.055422      14199  0.000e+00
    342.658     2.2889    34.2090  1028.9389     2.2694    346.365 17038800.0    1463.97   3.055338      14200  0.000e+00
    342.669     2.2942    34.2112  1028.9403     2.2746    346.375 17040000.0    1464.00   3.055971      14201  0.000e+00
    342.655     2.2943    34.2114  1028.9403     2.2747    346.362 17041200.0    1464.00   3.055993      14202  0.000e+00
    342.618     2.2909    34.2099  1028.9393     2.2714    346.324 17042400.0    1463.98   3.055579      14203  0.000e+00
    342.556     2.2888    34.2090  1028.9385     2.2692    346.262 17043600.0    1463.97   3.055321      14204  0.000e+00
    342.488     2.2875    34.2087  1028.9380     2.2679    346.193 17044800.0    1463.96   3.055181      14205  0.000e+00
    342.393     2.2870    34.2083  1028.9373     2.2675    346.096 17046000.0    1463.96   3.055103      14206  0.000e+00
    342.272     2.2882    34.2087  1028.9369     2.2687    345.974 17047200.0    1463.96   3.055237      14207  0.000e+00
    342.173     2.2854    34.2075  1028.9358     2.2659    345.874 17048400.0    1463.95   3.054890      14208  0.000e+00
    342.057     2.2854    34.2078  1028.9355     2.2659    345.756 17049600.0    1463.95   3.054907      14209  0.000e+00
    341.935     2.2858    34.2082  1028.9352     2.2663    345.633 17050800.0    1463.95   3.054974      14210  0.000e+00
    341.823     2.2838    34.2073  1028.9340     2.2643    345.519 17052000.0    1463.94   3.054716      14211  0.000e+00
    341.714     2.2843    34.2074  1028.9336     2.2648    345.409 17053200.0    1463.94   3.054761      14212  0.000e+00
    341.617     2.2836    34.2072  1028.9331     2.2641    345.311 17054400.0    1463.93   3.054688      14213  0.000e+00
    341.526     2.2856    34.2096  1028.9343     2.2661    345.219 17055600.0    1463.94   3.055041      14214  0.000e+00
    341.459     2.2879    34.2087  1028.9331     2.2684    345.152 17056800.0    1463.95   3.055164      14215  0.000e+00
    341.398     2.2898    34.2099  1028.9336     2.2703    345.089 17058000.0    1463.96   3.055427      14216  0.000e+00
    341.357     2.2892    34.2091  1028.9328     2.2698    345.049 17059200.0    1463.95   3.055310      14217  0.000e+00
    341.338     2.2882    34.2089  1028.9327     2.2687    345.029 17060400.0    1463.95   3.055209      14218  0.000e+00
    341.351     2.2882    34.2087  1028.9325     2.2688    345.042 17061600.0    1463.95   3.055192      14219  0.000e+00
    341.379     2.2888    34.2088  1028.9327     2.2693    345.071 17062800.0    1463.95   3.055248      14220  0.000e+00
    341.435     2.2886    34.2092  1028.9333     2.2692    345.127 17064000.0    1463.95   3.055270      14221  0.000e+00
    341.520     2.2889    34.2094  1028.9338     2.2694    345.213 17065200.0    1463.96   3.055310      14222  0.000e+00
    341.620     2.2881    34.2086  1028.9338     2.2686    345.314 17066400.0    1463.95   3.055187      14223  0.000e+00
    341.759     2.2888    34.2088  1028.9345     2.2693    345.455 17067600.0    1463.96   3.055265      14224  0.000e+00
    341.898     2.2872    34.2088  1028.9353     2.2677    345.596 17068800.0    1463.95   3.055136      14225  0.000e+00
    342.047     2.2882    34.2089  1028.9360     2.2687    345.746 17070000.0    1463.96   3.055231      14226  0.000e+00
    342.207     2.2850    34.2077  1028.9361     2.2655    345.908 17071200.0    1463.95   3.054868      14227  0.000e+00
    342.391     2.2847    34.2078  1028.9371     2.2652    346.095 17072400.0    1463.95   3.054862      14228  0.000e+00
    342.555     2.2878    34.2085  1028.9382     2.2683    346.260 17073600.0    1463.97   3.055198      14229  0.000e+00
    342.739     2.2896    34.2092  1028.9394     2.2701    346.446 17074800.0    1463.98   3.055416      14230  0.000e+00
    342.899     2.2935    34.2110  1028.9412     2.2740    346.609 17076000.0    1464.00   3.055904      14231  0.000e+00
    343.060     2.2933    34.2108  1028.9419     2.2737    346.771 17077200.0    1464.00   3.055881      14232  0.000e+00
    343.196     2.2918    34.2102  1028.9422     2.2722    346.909 17078400.0    1464.00   3.055708      14233  0.000e+00
    343.317     2.2889    34.2089  1028.9419     2.2693    347.031 17079600.0    1463.98   3.055355      14234  0.000e+00
    343.419     2.2861    34.2077  1028.9418     2.2665    347.134 17080800.0    1463.97   3.055025      14235  0.000e+00
    343.496     2.2879    34.2094  1028.9433     2.2683    347.212 17082000.0    1463.98   3.055316      14236  0.000e+00
    343.542     2.2931    34.2106  1028.9440     2.2734    347.259 17083200.0    1464.01   3.055859      14237  0.000e+00
    343.564     2.2949    34.2112  1028.9444     2.2753    347.281 17084400.0    1464.02   3.056072      14238  0.000e+00
    343.548     2.2923    34.2084  1028.9424     2.2727    347.265 17085600.0    1464.00   3.055624      14239  0.000e+00
    343.505     2.2920    34.2106  1028.9439     2.2724    347.221 17086800.0    1464.00   3.055770      14240  0.000e+00
    343.431     2.2954    34.2117  1028.9442     2.2758    347.146 17088000.0    1464.02   3.056150      14241  0.000e+00
    343.331     2.2949    34.2113  1028.9434     2.2753    347.045 17089200.0    1464.01   3.056066      14242  0.000e+00
    343.215     2.2940    34.2113  1028.9429     2.2744    346.928 17090400.0    1464.01   3.055988      14243  0.000e+00
    343.066     2.2930    34.2109  1028.9420     2.2734    346.777 17091600.0    1464.00   3.055859      14244  0.000e+00
    342.921     2.2866    34.2090  1028.9404     2.2670    346.631 17092800.0    1463.97   3.055148      14245  0.000e+00
    342.767     2.2923    34.2102  1028.9401     2.2727    346.474 17094000.0    1463.99   3.055724      14246  0.000e+00
    342.609     2.2917    34.2104  1028.9396     2.2722    346.315 17095200.0    1463.99   3.055691      14247  0.000e+00
    342.451     2.2863    34.2080  1028.9374     2.2668    346.155 17096400.0    1463.96   3.055019      14248  0.000e+00
    342.297     2.2883    34.2087  1028.9370     2.2688    345.999 17097600.0    1463.96   3.055237      14249  0.000e+00
    342.133     2.2861    34.2082  1028.9360     2.2666    345.833 17098800.0    1463.95   3.055002      14250  0.000e+00
    341.985     2.2826    34.2070  1028.9347     2.2631    345.683 17100000.0    1463.93   3.054593      14251  0.000e+00
    341.852     2.2825    34.2065  1028.9337     2.2630    345.549 17101200.0    1463.93   3.054537      14252  0.000e+00
    341.719     2.2810    34.2062  1028.9330     2.2615    345.414 17102400.0    1463.92   3.054386      14253  0.000e+00
    341.605     2.2829    34.2066  1028.9326     2.2634    345.299 17103600.0    1463.93   3.054571      14254  0.000e+00
    341.509     2.2833    34.2073  1028.9326     2.2638    345.202 17104800.0    1463.93   3.054660      14255  0.000e+00
    341.442     2.2844    34.2074  1028.9323     2.2650    345.134 17106000.0    1463.93   3.054761      14256  0.000e+00
    341.388     2.2765    34.2051  1028.9310     2.2571    345.080 17107200.0    1463.89   3.053893      14257  0.000e+00
    341.359     2.2739    34.2043  1028.9304     2.2545    345.050 17108400.0    1463.88   3.053607      14258  0.000e+00
    341.354     2.2658    34.2018  1028.9291     2.2464    345.046 17109600.0    1463.84   3.052700      14259  0.000e+00
    341.380     2.2675    34.2023  1028.9295     2.2481    345.072 17110800.0    1463.85   3.052885      14260  0.000e+00
    341.425     2.2675    34.2026  1028.9300     2.2481    345.117 17112000.0    1463.85   3.052919      14261  0.000e+00
    341.489     2.2640    34.2008  1028.9291     2.2446    345.181 17113200.0    1463.83   3.052465      14262  0.000e+00
    341.565     2.2659    34.2019  1028.9302     2.2465    345.258 17114400.0    1463.85   3.052728      14263  0.000e+00
    341.657     2.2691    34.2031  1028.9313     2.2497    345.352 17115600.0    1463.86   3.053109      14264  0.000e+00
    341.762     2.2701    34.2040  1028.9324     2.2507    345.458 17116800.0    1463.87   3.053266      14265  0.000e+00
    341.855     2.2708    34.2033  1028.9322     2.2514    345.552 17118000.0    1463.87   3.053272      14266  0.000e+00
    341.957     2.2702    34.2023  1028.9319     2.2508    345.655 17119200.0    1463.87   3.053143      14267  0.000e+00
    342.037     2.2695    34.2035  1028.9333     2.2500    345.736 17120400.0    1463.87   3.053182      14268  0.000e+00
    342.121     2.2734    34.2052  1028.9348     2.2539    345.821 17121600.0    1463.89   3.053664      14269  0.000e+00
    342.201     2.2801    34.2057  1028.9350     2.2606    345.902 17122800.0    1463.92   3.054291      14270  0.000e+00
    342.260     2.2852    34.2088  1028.9372     2.2657    345.962 17124000.0    1463.95   3.054980      14271  0.000e+00
    342.331     2.2848    34.2069  1028.9361     2.2652    346.033 17125200.0    1463.95   3.054789      14272  0.000e+00
    342.377     2.2855    34.2079  1028.9371     2.2660    346.080 17126400.0    1463.95   3.054940      14273  0.000e+00
    342.420     2.2857    34.2081  1028.9374     2.2662    346.124 17127600.0    1463.95   3.054980      14274  0.000e+00
    342.448     2.2906    34.2094  1028.9381     2.2711    346.152 17128800.0    1463.98   3.055500      14275  0.000e+00
    342.458     2.2884    34.2092  1028.9382     2.2689    346.162 17130000.0    1463.97   3.055299      14276  0.000e+00
    342.458     2.2870    34.2089  1028.9381     2.2675    346.162 17131200.0    1463.96   3.055153      14277  0.000e+00
    342.439     2.2877    34.2085  1028.9376     2.2682    346.143 17132400.0    1463.96   3.055181      14278  0.000e+00
    342.396     2.2896    34.2089  1028.9376     2.2701    346.099 17133600.0    1463.97   3.055377      14279  0.000e+00
    342.356     2.2861    34.2084  1028.9373     2.2666    346.058 17134800.0    1463.96   3.055030      14280  0.000e+00
    342.283     2.2943    34.2112  1028.9384     2.2748    345.985 17136000.0    1463.99   3.055965      14281  0.000e+00
    342.213     2.2956    34.2119  1028.9385     2.2760    345.915 17137200.0    1464.00   3.056122      14282  0.000e+00
    342.136     2.2924    34.2106  1028.9374     2.2729    345.836 17138400.0    1463.98   3.055747      14283  0.000e+00
    342.050     2.2891    34.2098  1028.9366     2.2696    345.749 17139600.0    1463.97   3.055388      14284  0.000e+00
    341.972     2.2908    34.2103  1028.9366     2.2713    345.671 17140800.0    1463.97   3.055573      14285  0.000e+00
    341.889     2.2840    34.2075  1028.9346     2.2645    345.586 17142000.0    1463.94   3.054761      14286  0.000e+00
    341.806     2.2835    34.2072  1028.9339     2.2640    345.502 17143200.0    1463.93   3.054683      14287  0.000e+00
    341.725     2.2838    34.2072  1028.9335     2.2643    345.421 17144400.0    1463.93   3.054705      14288  0.000e+00
    341.650     2.2834    34.2072  1028.9332     2.2640    345.344 17145600.0    1463.93   3.054671      14289  0.000e+00
    341.586     2.2838    34.2075  1028.9331     2.2644    345.280 17146800.0    1463.93   3.054727      14290  0.000e+00
    341.544     2.2838    34.2072  1028.9327     2.2644    345.238 17148000.0    1463.93   3.054699      14291  0.000e+00
    341.521     2.2868    34.2092  1028.9339     2.2673    345.214 17149200.0    1463.95   3.055114      14292  0.000e+00
    341.512     2.2900    34.2096  1028.9339     2.2705    345.205 17150400.0    1463.96   3.055427      14293  0.000e+00
    341.521     2.2906    34.2097  1028.9340     2.2711    345.214 17151600.0    1463.96   3.055489      14294  0.000e+00
    341.557     2.2923    34.2104  1028.9345     2.2728    345.251 17152800.0    1463.97   3.055691      14295  0.000e+00
