data_sets/ocean/moorings/sbe37smp-odo-rs232_03715761_2019_10_06.cnv
* Sea-Bird SBE37SMP-ODO-RS232  Data File:
* FileName = C:\SeaBird_Data\Moorings_SBE37\Data\JIG_Oct_2019\Serial_15761\SBE37SMP-ODO-RS232_03715761_2019_10_06.hex
* Software version SeatermV2 2.6.3.104
* Temperature SN = 15761
* Conductivity SN = 15761
* System UpLoad Time = Oct 06 2019 19:21:52
* sample interval = 1200 seconds
* <ApplicationData>
# nquan = 11
# nvalues = 25376                                 
# units = specified
# name 0 = depSM: Depth [salt water, m], lat = 66.00
# name 1 = tv290C: Temperature [ITS-90, deg C]
# name 2 = sal00: Salinity, Practical [PSU]
# name 3 = density00: Density [density, kg/m^3]
# name 4 = potemp090C: Potential Temperature [ITS-90, deg C]
# name 5 = prdM: Pressure, Strain Gauge [db]
# name 6 = timeS: Time, Elapsed [seconds]
# name 7 = svCM: Sound Velocity [Chen-Millero, m/s]
# name 8 = cond0S/m: Conductivity [S/m]
# name 9 = scan: Scan Count
# name 10 = flag:  0.000e+00
# span 0 =  -4396.036,  19332.760                 
# span 1 =   -45.2767,    99.0000                 
# span 2 =     0.0000,  1999.0000                 
# span 3 =   940.6991,  4075.6022                 
# span 4 =   -46.3793,   103.4253                 
# span 5 =  -4391.019,  20363.806                 
# span 6 =      0.000, 30450000.0                 
# span 7 =      23.26,    9979.45                 
# span 8 = -99.000000, 110.958886                 
# span 9 =          1,      25376                 
# span 10 = 0.0000e+00, 0.0000e+00                
# interval = seconds: 1200
# start_time = Jun 12 2018 22:00:14 [Instrument's time stamp, first data scan]
# bad_flag = -9.990e-29
*END*
[from data line 7607]
    343.053     2.1858    34.1721  1028.9207     2.1666    346.764 9128400.00    1463.48   3.043480       7608  0.000e+00
    342.976     2.1883    34.1729  1028.9207     2.1691    346.686 9129600.00    1463.49   3.043754       7609  0.000e+00
    342.877     2.1765    34.1695  1028.9186     2.1573    346.586 9130800.00    1463.44   3.042463       7610  0.000e+00
    342.757     2.1736    34.1683  1028.9173     2.1544    346.464 9132000.00    1463.42   3.042110       7611  0.000e+00
    342.622     2.1633    34.1654  1028.9152     2.1441    346.328 9133200.00    1463.37   3.040975       7612  0.000e+00
    342.482     2.1652    34.1664  1028.9152     2.1460    346.186 9134400.00    1463.37   3.041210       7613  0.000e+00
    342.333     2.1782    34.1695  1028.9159     2.1591    346.036 9135600.00    1463.43   3.042585       7614  0.000e+00
    342.191     2.1427    34.1600  1028.9108     2.1236    345.892 9136800.00    1463.26   3.038745       7615  0.000e+00
    342.049     2.1701    34.1676  1028.9137     2.1509    345.748 9138000.00    1463.39   3.041713       7616  0.000e+00
    341.917     2.1565    34.1628  1028.9105     2.1374    345.615 9139200.00    1463.32   3.040153       7617  0.000e+00
    341.790     2.1569    34.1644  1028.9111     2.1378    345.486 9140400.00    1463.32   3.040304       7618  0.000e+00
    341.681     2.1476    34.1613  1028.9090     2.1285    345.376 9141600.00    1463.28   3.039254       7619  0.000e+00
    341.584     2.1324    34.1568  1028.9063     2.1134    345.278 9142800.00    1463.20   3.037577       7620  0.000e+00
    341.495     2.1209    34.1537  1028.9044     2.1019    345.188 9144000.00    1463.15   3.036337       7621  0.000e+00
    341.426     2.1122    34.1509  1028.9026     2.0932    345.118 9145200.00    1463.11   3.035353       7622  0.000e+00
    341.400     2.1151    34.1527  1028.9036     2.0961    345.091 9146400.00    1463.12   3.035744       7623  0.000e+00
    341.377     2.1116    34.1524  1028.9036     2.0927    345.068 9147600.00    1463.10   3.035426       7624  0.000e+00
    341.396     2.1123    34.1520  1028.9033     2.0933    345.088 9148800.00    1463.11   3.035448       7625  0.000e+00
    341.442     2.1133    34.1521  1028.9035     2.0944    345.134 9150000.00    1463.11   3.035549       7626  0.000e+00
    341.510     2.1152    34.1520  1028.9036     2.0963    345.203 9151200.00    1463.12   3.035705       7627  0.000e+00
    341.602     2.1212    34.1540  1028.9051     2.1022    345.296 9152400.00    1463.15   3.036387       7628  0.000e+00
    341.732     2.1175    34.1532  1028.9054     2.0985    345.428 9153600.00    1463.14   3.036007       7629  0.000e+00
    341.860     2.1183    34.1529  1028.9057     2.0993    345.557 9154800.00    1463.14   3.036057       7630  0.000e+00
    342.010     2.1156    34.1524  1028.9063     2.0966    345.709 9156000.00    1463.13   3.035800       7631  0.000e+00
    342.168     2.1303    34.1577  1028.9099     2.1112    345.868 9157200.00    1463.21   3.037493       7632  0.000e+00
    342.328     2.1496    34.1578  1028.9091     2.1305    346.031 9158400.00    1463.29   3.039170       7633  0.000e+00
    342.492     2.1400    34.1555  1028.9088     2.1209    346.197 9159600.00    1463.25   3.038164       7634  0.000e+00
    342.653     2.1502    34.1622  1028.9140     2.1311    346.359 9160800.00    1463.31   3.039595       7635  0.000e+00
    342.792     2.1504    34.1628  1028.9151     2.1313    346.500 9162000.00    1463.31   3.039662       7636  0.000e+00
    342.940     2.1497    34.1626  1028.9157     2.1305    346.650 9163200.00    1463.31   3.039589       7637  0.000e+00
    343.061     2.1451    34.1605  1028.9151     2.1260    346.772 9164400.00    1463.29   3.039036       7638  0.000e+00
    343.160     2.1617    34.1651  1028.9177     2.1425    346.872 9165600.00    1463.37   3.040841       7639  0.000e+00
    343.233     2.1721    34.1684  1028.9198     2.1529    346.946 9166800.00    1463.42   3.042010       7640  0.000e+00
    343.288     2.1812    34.1706  1028.9210     2.1619    347.002 9168000.00    1463.46   3.042966       7641  0.000e+00
    343.299     2.1710    34.1682  1028.9200     2.1518    347.013 9169200.00    1463.42   3.041898       7642  0.000e+00
    343.291     2.1791    34.1704  1028.9210     2.1599    347.005 9170400.00    1463.45   3.042776       7643  0.000e+00
    343.248     2.1813    34.1711  1028.9211     2.1621    346.961 9171600.00    1463.46   3.043016       7644  0.000e+00
    343.174     2.1517    34.1628  1028.9168     2.1325    346.886 9172800.00    1463.32   3.039791       7645  0.000e+00
    343.073     2.1524    34.1629  1028.9164     2.1332    346.784 9174000.00    1463.32   3.039858       7646  0.000e+00
    342.937     2.1496    34.1613  1028.9147     2.1305    346.647 9175200.00    1463.31   3.039489       7647  0.000e+00
    342.786     2.1469    34.1607  1028.9137     2.1277    346.494 9176400.00    1463.29   3.039187       7648  0.000e+00
    342.634     2.1488    34.1605  1028.9127     2.1296    346.340 9177600.00    1463.30   3.039332       7649  0.000e+00
    342.461     2.1481    34.1603  1028.9118     2.1290    346.165 9178800.00    1463.29   3.039254       7650  0.000e+00
    342.284     2.1477    34.1603  1028.9110     2.1286    345.986 9180000.00    1463.29   3.039215       7651  0.000e+00
    342.115     2.1341    34.1565  1028.9083     2.1151    345.815 9181200.00    1463.22   3.037722       7652  0.000e+00
    341.947     2.1245    34.1536  1028.9061     2.1055    345.645 9182400.00    1463.17   3.036650       7653  0.000e+00
    341.788     2.1262    34.1542  1028.9057     2.1072    345.484 9183600.00    1463.18   3.036840       7654  0.000e+00
    341.646     2.1245    34.1538  1028.9048     2.1056    345.340 9184800.00    1463.17   3.036661       7655  0.000e+00
    341.510     2.1233    34.1537  1028.9043     2.1043    345.203 9186000.00    1463.16   3.036543       7656  0.000e+00
    341.384     2.1101    34.1513  1028.9029     2.0912    345.076 9187200.00    1463.10   3.035203       7657  0.000e+00
    341.295     2.1104    34.1509  1028.9022     2.0915    344.985 9188400.00    1463.10   3.035197       7658  0.000e+00
    341.217     2.0969    34.1474  1028.9002     2.0780    344.907 9189600.00    1463.03   3.033750       7659  0.000e+00
    341.174     2.0954    34.1468  1028.8996     2.0766    344.863 9190800.00    1463.02   3.033566       7660  0.000e+00
    341.159     2.0989    34.1485  1028.9006     2.0800    344.847 9192000.00    1463.04   3.034002       7661  0.000e+00
    341.165     2.0782    34.1426  1028.8977     2.0594    344.854 9193200.00    1462.94   3.031751       7662  0.000e+00
    341.205     2.0831    34.1429  1028.8978     2.0642    344.894 9194400.00    1462.96   3.032198       7663  0.000e+00
    341.282     2.0822    34.1426  1028.8979     2.0634    344.972 9195600.00    1462.96   3.032097       7664  0.000e+00
    341.366     2.0828    34.1433  1028.8988     2.0640    345.057 9196800.00    1462.97   3.032209       7665  0.000e+00
    341.477     2.0881    34.1452  1028.9004     2.0693    345.169 9198000.00    1462.99   3.032823       7666  0.000e+00
    341.616     2.1128    34.1519  1028.9042     2.0938    345.310 9199200.00    1463.11   3.035493       7667  0.000e+00
    341.760     2.1031    34.1488  1028.9033     2.0842    345.456 9200400.00    1463.07   3.034421       7668  0.000e+00
    341.931     2.1045    34.1489  1028.9041     2.0856    345.629 9201600.00    1463.08   3.034560       7669  0.000e+00
    342.100     2.1168    34.1525  1028.9066     2.0978    345.800 9202800.00    1463.14   3.035907       7670  0.000e+00
    342.276     2.1285    34.1563  1028.9095     2.1095    345.978 9204000.00    1463.20   3.037231       7671  0.000e+00
    342.443     2.1455    34.1615  1028.9129     2.1264    346.147 9205200.00    1463.28   3.039120       7672  0.000e+00
    342.605     2.1325    34.1576  1028.9117     2.1135    346.311 9206400.00    1463.22   3.037700       7673  0.000e+00
    342.755     2.1410    34.1596  1028.9133     2.1219    346.462 9207600.00    1463.26   3.038600       7674  0.000e+00
    342.888     2.1437    34.1610  1028.9147     2.1246    346.597 9208800.00    1463.28   3.038947       7675  0.000e+00
    342.999     2.1463    34.1614  1028.9154     2.1272    346.709 9210000.00    1463.29   3.039215       7676  0.000e+00
    343.089     2.1530    34.1637  1028.9170     2.1338    346.800 9211200.00    1463.33   3.039969       7677  0.000e+00
    343.144     2.1581    34.1640  1028.9171     2.1390    346.856 9212400.00    1463.35   3.040444       7678  0.000e+00
    343.175     2.1635    34.1656  1028.9180     2.1443    346.888 9213600.00    1463.38   3.041037       7679  0.000e+00
    343.165     2.1587    34.1635  1028.9167     2.1395    346.877 9214800.00    1463.35   3.040450       7680  0.000e+00
    343.138     2.1463    34.1598  1028.9147     2.1272    346.850 9216000.00    1463.29   3.039086       7681  0.000e+00
    343.072     2.1436    34.1592  1028.9143     2.1244    346.783 9217200.00    1463.28   3.038801       7682  0.000e+00
    342.974     2.1495    34.1608  1028.9145     2.1304    346.684 9218400.00    1463.31   3.039433       7683  0.000e+00
    342.872     2.1513    34.1610  1028.9140     2.1321    346.581 9219600.00    1463.31   3.039600       7684  0.000e+00
    342.738     2.1534    34.1624  1028.9143     2.1343    346.445 9220800.00    1463.32   3.039885       7685  0.000e+00
    342.594     2.1504    34.1613  1028.9130     2.1313    346.300 9222000.00    1463.31   3.039539       7686  0.000e+00
    342.455     2.1511    34.1611  1028.9121     2.1320    346.159 9223200.00    1463.31   3.039572       7687  0.000e+00
    342.304     2.1422    34.1594  1028.9109     2.1231    346.006 9224400.00    1463.26   3.038661       7688  0.000e+00
    342.152     2.1466    34.1608  1028.9108     2.1276    345.853 9225600.00    1463.28   3.039147       7689  0.000e+00
    342.016     2.1506    34.1612  1028.9102     2.1315    345.715 9226800.00    1463.30   3.039522       7690  0.000e+00
    341.876     2.1437    34.1594  1028.9087     2.1246    345.573 9228000.00    1463.26   3.038773       7691  0.000e+00
    341.754     2.1430    34.1589  1028.9078     2.1239    345.450 9229200.00    1463.26   3.038661       7692  0.000e+00
    341.652     2.1399    34.1581  1028.9069     2.1209    345.346 9230400.00    1463.24   3.038331       7693  0.000e+00
    341.547     2.1350    34.1566  1028.9057     2.1160    345.240 9231600.00    1463.21   3.037784       7694  0.000e+00
    341.469     2.1305    34.1546  1028.9041     2.1115    345.162 9232800.00    1463.19   3.037231       7695  0.000e+00
    341.404     2.1002    34.1550  1028.9068     2.0813    345.096 9234000.00    1463.06   3.034650       7696  0.000e+00
    341.374     2.1014    34.1477  1028.9008     2.0825    345.065 9235200.00    1463.05   3.034169       7697  0.000e+00
    341.366     2.1257    34.1549  1028.9043     2.1067    345.057 9236400.00    1463.17   3.036834       7698  0.000e+00
    341.395     2.1344    34.1562  1028.9047     2.1154    345.087 9237600.00    1463.21   3.037689       7699  0.000e+00
    341.445     2.1332    34.1562  1028.9050     2.1142    345.137 9238800.00    1463.20   3.037594       7700  0.000e+00
    341.519     2.1306    34.1553  1028.9049     2.1116    345.212 9240000.00    1463.19   3.037292       7701  0.000e+00
    341.624     2.1272    34.1539  1028.9046     2.1082    345.318 9241200.00    1463.18   3.036890       7702  0.000e+00
    341.739     2.1108    34.1500  1028.9034     2.0919    345.435 9242400.00    1463.10   3.035175       7703  0.000e+00
    341.866     2.1096    34.1501  1028.9043     2.0907    345.563 9243600.00    1463.10   3.035091       7704  0.000e+00
    342.001     2.1102    34.1496  1028.9044     2.0912    345.700 9244800.00    1463.10   3.035102       7705  0.000e+00
    342.137     2.1137    34.1502  1028.9053     2.0947    345.837 9246000.00    1463.12   3.035465       7706  0.000e+00
    342.288     2.1273    34.1533  1028.9072     2.1083    345.990 9247200.00    1463.19   3.036884       7707  0.000e+00
    342.427     2.1399    34.1584  1028.9109     2.1208    346.131 9248400.00    1463.25   3.038393       7708  0.000e+00
    342.573     2.1444    34.1595  1028.9120     2.1253    346.278 9249600.00    1463.28   3.038874       7709  0.000e+00
    342.721     2.1492    34.1609  1028.9134     2.1300    346.428 9250800.00    1463.30   3.039405       7710  0.000e+00
    342.848     2.1538    34.1623  1028.9147     2.1346    346.556 9252000.00    1463.33   3.039919       7711  0.000e+00
    342.973     2.1578    34.1633  1028.9158     2.1387    346.683 9253200.00    1463.35   3.040355       7712  0.000e+00
    343.063     2.1548    34.1626  1028.9159     2.1357    346.774 9254400.00    1463.33   3.040042       7713  0.000e+00
    343.129     2.1557    34.1628  1028.9163     2.1365    346.841 9255600.00    1463.34   3.040137       7714  0.000e+00
    343.166     2.1555    34.1626  1028.9163     2.1363    346.878 9256800.00    1463.34   3.040109       7715  0.000e+00
    343.169     2.1561    34.1631  1028.9167     2.1369    346.881 9258000.00    1463.34   3.040193       7716  0.000e+00
    343.143     2.1554    34.1628  1028.9164     2.1362    346.855 9259200.00    1463.34   3.040109       7717  0.000e+00
    343.092     2.1557    34.1627  1028.9160     2.1366    346.803 9260400.00    1463.34   3.040131       7718  0.000e+00
    342.999     2.1521    34.1619  1028.9153     2.1330    346.709 9261600.00    1463.32   3.039751       7719  0.000e+00
    342.874     2.1495    34.1610  1028.9142     2.1304    346.583 9262800.00    1463.31   3.039450       7720  0.000e+00
    342.749     2.1478    34.1602  1028.9131     2.1287    346.456 9264000.00    1463.30   3.039232       7721  0.000e+00
    342.600     2.1468    34.1602  1028.9125     2.1277    346.306 9265200.00    1463.29   3.039136       7722  0.000e+00
    342.452     2.1468    34.1603  1028.9119     2.1277    346.156 9266400.00    1463.29   3.039136       7723  0.000e+00
    342.275     2.1472    34.1603  1028.9110     2.1281    345.977 9267600.00    1463.28   3.039164       7724  0.000e+00
    342.115     2.1455    34.1599  1028.9101     2.1265    345.815 9268800.00    1463.27   3.038985       7725  0.000e+00
    341.948     2.1437    34.1595  1028.9092     2.1246    345.646 9270000.00    1463.26   3.038784       7726  0.000e+00
    341.788     2.1399    34.1585  1028.9079     2.1208    345.484 9271200.00    1463.24   3.038365       7727  0.000e+00
    341.636     2.1415    34.1589  1028.9073     2.1224    345.331 9272400.00    1463.25   3.038527       7728  0.000e+00
    341.503     2.1409    34.1589  1028.9068     2.1219    345.196 9273600.00    1463.24   3.038477       7729  0.000e+00
    341.384     2.1412    34.1587  1028.9060     2.1222    345.076 9274800.00    1463.24   3.038477       7730  0.000e+00
    341.278     2.1435    34.1593  1028.9058     2.1245    344.968 9276000.00    1463.25   3.038722       7731  0.000e+00
    341.188     2.1458    34.1599  1028.9057     2.1268    344.877 9277200.00    1463.26   3.038968       7732  0.000e+00
    341.133     2.1449    34.1596  1028.9053     2.1258    344.821 9278400.00    1463.25   3.038857       7733  0.000e+00
    341.099     2.1404    34.1583  1028.9044     2.1214    344.787 9279600.00    1463.23   3.038359       7734  0.000e+00
    341.094     2.1390    34.1578  1028.9042     2.1200    344.782 9280800.00    1463.23   3.038203       7735  0.000e+00
    341.133     2.1370    34.1577  1028.9045     2.1180    344.821 9282000.00    1463.22   3.038024       7736  0.000e+00
    341.190     2.1460    34.1599  1028.9057     2.1269    344.879 9283200.00    1463.26   3.038980       7737  0.000e+00
